940
0.069703 -0.032916 0.020591
0.011534 -0.013956 0.056103
0.008776 -0.005255 0.020559
-0.008497 0.002647 -0.023238
-0.010743 0.065365 0.010167
-0.220540 -0.061940 0.044085
0.030228 -0.036965 0.062165
0.014437 0.008767 -0.009903
0.168871 -0.089192 0.068758
0.000602 0.029863 -0.005748
-0.076318 0.006466 0.115163
-0.163215 0.036679 0.076799
-0.068205 0.071524 -0.008525
-0.172709 0.169345 -0.051897
-0.097539 0.048132 -0.180195
-0.196889 0.023027 0.111231
0.001103 -0.000549 0.201734
-0.042480 0.001561 -0.012090
0.043627 -0.014659 0.157336
-0.019090 -0.010266 -0.008314
0.015021 0.090639 -0.107696
-0.147457 -0.345364 -0.402749
-0.039014 -0.002844 0.003061
-0.009677 0.006043 -0.017184
-0.009050 0.002057 -0.107381
0.010981 -0.006144 0.029038
-0.011728 0.040688 0.129903
0.003762 -0.022686 -0.069570
-0.066606 0.034920 -0.025416
0.011401 0.008884 -0.013377
-0.012224 -0.015728 0.091122
0.005968 0.007181 0.015390
0.231694 -0.109584 0.150906
0.008028 0.012007 -0.057018
0.004257 0.039180 0.019398
0.005916 -0.022987 0.026306
0.130301 0.035780 0.026753
-0.002656 -0.103934 -0.100321
0.330173 0.024305 0.111853
0.038507 0.054055 -0.017742
0.140775 0.009611 -0.057766
-0.043099 0.003137 -0.104431
-0.036532 -0.003043 0.015363
-0.010624 -0.002368 0.046374
0.060037 -0.017209 0.304623
-0.042563 0.195728 0.066087
0.004813 -0.034908 -0.051806
0.201918 -0.027375 0.101701
-0.024839 0.002273 -0.072773
0.019510 -0.007120 0.013382
-0.025029 -0.043760 0.130665
-0.131080 0.045746 0.061201
-0.084111 0.043258 -0.040854
-0.022585 0.030734 -0.086277
0.034192 0.110620 -0.017883
-0.631974 -0.070470 -0.287954
0.002180 -0.000885 -0.032730
0.044875 0.002420 0.005444
-0.041797 0.089363 0.181455
0.356659 0.094561 0.064633
-0.319441 0.110743 -0.122558
0.006928 -0.110614 -0.248160
0.094326 -0.009216 -0.066682
0.416322 -0.072461 0.127785
-0.037403 0.013419 -0.040724
0.004803 0.016537 -0.079816
0.163030 -0.043733 -0.331965
0.019400 -0.064830 0.092493
-0.011064 -0.010753 0.124601
0.701370 -0.145226 -0.008829
-0.012166 0.021831 -0.100903
-0.164655 0.035494 0.004790
-0.662944 0.192113 0.090867
-0.023405 0.022537 0.191302
-0.006001 0.020661 -0.002578
-0.037329 -0.008459 0.003675
0.081277 -0.014065 -0.169011
0.058531 -0.315055 -0.435348
0.041683 -0.013044 -0.000075
-0.000280 0.012436 -0.159216
-0.010821 -0.004618 0.055093
-0.149094 -0.060501 0.001638
-0.326381 0.144282 0.296830
-0.095332 -0.002462 -0.007052
-0.071122 0.139549 0.360584
0.011592 0.008152 -0.055557
-0.119674 -0.162361 0.194433
-0.146874 0.155296 0.259180
-0.065666 0.023514 0.031534
-0.013614 0.068148 -0.015825
-0.015235 -0.014509 0.029395
-0.028406 -0.012834 -0.105695
0.233063 0.242200 -0.271842
-0.087343 0.206907 -0.192423
-0.064174 -0.020732 -0.000519
-0.022571 0.075038 0.123322
-0.050635 0.070960 0.064337
-0.010784 -0.027334 0.064580
-0.184746 -0.058160 -0.093606
0.009524 0.026319 0.211564
-0.036543 -0.001653 -0.017382
0.277247 -0.076760 -0.134276
0.041137 -0.007168 -0.035092
0.043919 -0.009144 0.010235
0.078577 0.148778 0.010624
0.024178 -0.085210 -0.051028
0.090372 -0.033208 0.021592
0.040684 0.007068 -0.117923
-0.123911 0.058478 -0.055056
-0.002022 -0.009997 -0.076221
0.012277 0.019477 0.051473
0.002498 -0.048627 -0.066260
-0.014797 -0.017567 -0.022869
0.089020 -0.032366 0.013249
-0.000878 0.037950 -0.005634
-0.022123 -0.015360 -0.006083
0.055103 -0.023247 -0.019124
0.033822 -0.099638 0.112708
0.026165 0.031269 0.043034
0.016993 0.020367 0.030974
-0.008466 -0.011592 0.019669
-0.032258 0.073836 0.195846
0.008825 0.013499 -0.025743
0.129091 -0.123389 0.065002
-0.071947 -0.044745 -0.114109
0.186991 0.154008 -0.178355
0.049729 -0.002228 0.156604
-0.032437 0.296115 -0.685889
-0.174072 -0.014462 0.057416
-0.016833 0.017172 -0.028057
0.038095 -0.012957 -0.013566
-0.047710 0.023708 -0.079239
0.005343 -0.011776 0.017791
-0.046942 0.034492 -0.093576
0.131194 -0.100503 0.103558
1.720043 -0.950711 -0.944878
-0.002929 0.018867 0.056937
-0.020424 -0.012102 -0.050283
-0.000920 -0.009334 0.026564
0.012660 -0.079342 0.107361
0.008174 0.026186 0.024965
0.005666 -0.001539 -0.036205
-0.300069 0.054126 -0.003298
-0.069985 0.035475 -0.102337
-0.035938 -0.003654 -0.000067
-0.018382 0.028183 0.011335
-0.016655 -0.007755 0.029145
-0.030770 -0.023423 -0.070207
0.016455 0.022245 -0.024940
0.091908 -0.101072 -0.075246
-0.257366 -0.040530 0.016208
-0.085110 -0.014519 -0.107168
-0.485364 0.205147 0.412148
-0.014985 0.006913 -0.050213
-0.037720 0.020843 -0.012529
0.339103 -0.132826 -0.054509
0.464365 -0.052495 -0.154611
0.011890 0.037458 0.099515
-0.025677 0.009773 0.043251
0.023830 -0.036553 0.084328
-0.241046 0.098069 -0.140485
-0.005363 0.020251 0.054408
-0.044436 0.015037 0.002228
-0.009688 -0.012462 0.016359
-0.017133 0.098905 0.302760
0.047542 -0.013424 0.050158
-0.008797 0.003466 0.001547
0.013915 0.020504 -0.024837
0.021519 0.001358 0.001806
0.047889 -0.004556 -0.005652
0.002425 0.013871 0.012648
-0.068267 0.031810 -0.057111
0.027390 0.011739 0.054544
-0.022753 -0.005938 0.039440
-0.044290 0.001583 -0.066723
-0.048354 0.007580 -0.006276
0.458300 -0.067069 0.027775
0.045744 -0.051354 0.003985
-0.009624 0.009812 -0.002217
-0.008955 -0.003905 0.005952
0.024918 -0.011801 -0.045945
0.001125 0.010136 -0.001417
0.214515 -0.090569 -0.069652
-0.003758 0.063616 -0.014940
0.007948 0.001199 0.049053
-0.072897 0.046144 -0.125147
0.034835 0.035961 0.004151
-0.084786 -0.036423 0.002649
0.004252 -0.006861 -0.032789
0.303134 0.052765 -0.153391
-0.016622 -0.003179 -0.015330
0.015574 0.010515 0.046002
0.116021 -0.009751 -0.078965
0.044062 -0.060831 -0.035228
0.034242 -0.067552 -0.058949
-0.143714 0.238451 -0.285578
0.052659 -0.037128 -0.040877
0.243806 -0.450634 0.345114
-0.104154 0.042486 0.125476
-0.039736 0.041024 -0.062850
0.006535 0.011233 0.022868
0.005789 0.014175 -0.009011
-0.014214 -0.021961 -0.035339
-1.270226 0.292776 0.837129
0.056502 0.018078 -0.093107
-0.030831 0.023327 -0.017866
0.129309 0.015809 -0.008667
-0.760430 0.140586 0.282021
0.019953 -0.006893 0.005073
-0.336989 0.183558 0.070415
-0.612804 0.103303 0.425136
0.042877 0.011514 -0.016273
-0.013978 0.001700 -0.029688
0.012159 0.030318 0.016368
0.018733 0.009200 0.039374
0.032750 0.042607 -0.022988
-0.004058 -0.014447 -0.018048
-0.050665 -0.010075 0.007084
0.067126 -0.002696 -0.064457
-0.007111 0.002989 -0.029404
-0.007600 -0.002390 0.042902
0.020311 -0.000503 -0.000299
0.046627 -0.055534 0.119928
0.016968 -0.015125 -0.022961
-0.012543 -0.010059 0.087650
0.036847 0.004821 0.026091
-0.000090 0.061516 0.086197
-0.000263 -0.015327 -0.044817
-0.120275 0.024116 0.075409
-0.073822 0.034857 0.012077
-0.351418 0.387157 -0.512449
0.000974 0.040552 -1.026905
0.155530 -0.098389 0.014426
0.072216 -0.186000 0.074571
-0.042099 0.002167 -0.000853
-0.018025 0.020985 -0.035426
0.031040 -0.020489 0.012516
-0.033648 0.000677 -0.066833
0.028002 0.011257 -0.027783
-0.097911 0.048526 0.021990
0.069998 -0.039582 0.004820
-0.005790 -0.015710 0.006218
0.319812 -0.374641 -0.776784
0.126434 -0.023268 0.039534
-0.015686 0.020772 -0.017128
-0.060360 -0.045957 0.126874
0.009456 0.026699 -0.029615
0.114220 -0.060503 0.109000
-0.012230 0.016090 -0.048902
0.004083 0.007599 -0.024856
-0.281735 -0.013897 -0.121713
0.003072 0.030789 -0.010607
0.068649 0.002920 -0.025131
-0.018868 0.016690 0.070833
-0.137859 0.007928 0.042842
0.014527 -0.005876 -0.018419
0.054542 0.001144 0.030502
0.020799 -0.046315 -0.017809
0.083397 -0.040977 -0.118962
0.121197 -0.117754 0.040163
-0.254744 0.109650 0.310068
-0.034888 -0.013148 -0.041591
0.253373 -0.165958 -0.010896
0.406470 -0.079008 0.203183
-0.022690 0.001748 0.084759
-0.022293 -0.012847 -0.032108
-0.023756 -0.005753 0.031934
0.004094 -0.035938 0.057867
-0.031385 0.016601 0.014944
0.180564 0.168820 -0.149262
-0.024965 0.029061 0.039834
0.023041 -0.002840 0.003684
0.017491 -0.005177 -0.020233
-0.010582 0.014219 -0.039333
0.010259 -0.000781 0.040681
0.059470 -0.165307 -0.064845
0.015415 -0.072410 -0.023430
-0.008803 0.003740 0.021701
0.012132 -0.009859 -0.043705
0.037251 -0.040052 -0.020131
-0.027275 0.033125 0.045482
0.232337 -0.259179 -0.334722
0.003162 0.016409 -0.010830
0.023922 -0.019538 0.004285
-0.027023 -0.008205 0.025679
0.023064 -0.001116 -0.003717
0.004776 0.016261 -0.048977
-0.029372 -0.018937 0.002501
0.070731 0.051706 -0.050150
0.107935 -0.008758 -0.060316
0.012959 -0.014176 0.057884
-0.300979 0.150176 -0.104529
-0.034337 -0.023442 0.021570
0.026269 0.019859 0.016450
-0.020003 0.006270 -0.054061
0.132269 0.149024 0.061690
0.052043 -0.018569 -0.013178
-0.002241 0.017020 -0.014611
-0.051750 0.026663 -0.047310
0.003436 -0.014346 -0.006917
0.046843 -0.161621 0.349574
-0.011317 -0.007798 -0.027984
0.346244 -0.178265 0.561785
-0.069763 0.011239 -0.001731
0.007440 -0.001335 -0.061794
-0.008337 -0.016130 0.017881
-0.004369 0.005258 -0.002233
0.027117 -0.028246 -0.020257
0.072245 0.092236 0.356160
-0.018955 -0.000726 -0.083272
-0.007562 -0.024088 -0.065398
0.091423 -0.035965 0.098954
-0.077667 0.069040 -0.089848
-0.659868 -0.025603 0.715009
0.167725 0.068715 -0.128334
0.025636 0.000769 0.046698
-0.179010 0.101111 0.747886
0.024147 0.118545 -0.050495
0.033226 -0.011517 0.009553
0.000051 -0.005662 0.065013
-0.063594 0.046769 -0.093583
-0.086987 0.023151 0.025427
0.007331 -0.041622 -0.048341
0.019106 0.004878 0.005804
0.079298 -0.079036 0.202577
0.013878 -0.005717 0.045418
-0.044119 -0.025117 0.034958
0.034024 0.001283 -0.043898
0.053082 -0.047662 -0.103230
-0.033803 -0.000603 0.018715
0.046621 -0.013039 -0.076858
0.027320 0.020403 0.066383
0.026747 -0.048646 0.066574
0.030256 -0.001016 -0.038900
0.018298 0.021525 0.035110
-0.050333 0.027939 -0.005641
0.089907 -0.011923 -0.008896
0.000750 -0.002177 -0.013402
0.038947 -0.003269 -0.048929
-0.018625 -0.000942 0.111786
-0.024774 0.163344 -0.054519
0.219433 0.121175 0.209962
-0.141040 0.056003 -0.151040
0.176344 -0.110758 0.244392
0.061009 0.106478 -0.040515
-0.038314 -0.005235 0.031236
0.000048 0.003932 -0.050877
-0.008124 -0.030830 0.063288
-0.043882 -0.001977 0.035838
0.030945 -0.020271 0.065971
-0.051862 0.066860 0.025321
-0.047319 -0.014280 -0.053341
0.124077 -0.026362 -0.117462
-0.067043 -0.216445 -0.092955
0.084639 -0.066635 0.001246
-0.018297 -0.016283 -0.027749
0.052120 0.002005 0.183762
0.016262 -0.000186 -0.037269
0.034812 0.013530 0.029717
-0.042543 0.015225 0.003813
0.015707 -0.015155 -0.040977
-0.085303 -0.074241 -0.041467
-0.034409 0.059324 0.016852
-0.050382 0.009838 0.024270
0.010090 -0.025903 0.081217
0.063426 -0.015477 -0.044905
-0.000156 0.022185 0.007391
0.061280 0.020479 0.050010
0.215729 -0.076574 -0.005439
-0.065197 -0.060410 0.066709
0.057003 -0.021952 -0.018779
0.003862 -0.001516 -0.025496
-0.213095 0.103921 -0.108731
-0.015704 0.020311 0.001120
0.049542 0.001910 -0.035141
0.125957 -0.053106 0.040820
0.349741 -0.058875 -0.075335
-0.124951 0.040325 -0.059224
0.036548 -0.008770 0.023818
0.005716 0.023634 -0.019820
-0.054064 -0.020163 -0.020920
0.060637 0.024576 -0.010380
0.003622 -0.031703 0.016340
-0.039375 -0.029881 -0.051945
0.002818 0.000852 -0.025066
-0.032907 -0.000403 0.004947
0.012897 -0.003864 -0.017816
-0.025869 -0.006748 0.042059
0.010998 0.057052 0.016344
0.034595 -0.023005 0.072199
0.036120 -0.026720 -0.012769
-0.189225 0.033655 -0.253804
0.041038 0.007357 0.010786
-0.322116 -0.086948 0.599352
-0.017324 -0.006402 0.022223
-0.025441 -0.008032 0.065907
0.070871 -0.024876 -0.018393
-0.047873 0.005091 0.009235
-0.033598 -0.016303 -0.007297
0.030363 -0.014642 -0.019858
-0.066667 0.038231 0.009722
0.017293 -0.042713 0.010276
-0.065333 0.071357 -0.393077
0.097451 -0.000499 0.072952
0.016753 -0.003387 -0.032888
-0.113612 0.015406 -0.179474
-0.153803 0.016577 0.031264
-0.011150 -0.000073 -0.025794
-0.068470 0.018372 0.039746
0.089342 -0.060085 -0.045881
-0.097682 -0.032961 -0.034316
-0.021463 0.019072 -0.039910
0.063565 -0.061122 0.178830
0.072290 -0.109259 0.285026
-0.006142 0.006211 0.038325
-0.901831 0.190203 -0.505645
-0.015903 -0.012707 0.062305
0.076841 0.009725 -0.052248
-0.073222 0.005147 0.013831
-0.032249 0.016455 -0.031538
-0.031639 -0.003537 0.022192
0.003495 0.028249 0.060238
0.696145 -0.368302 0.110897
0.000086 -0.026117 -0.006436
0.080510 -0.019717 -0.029001
-0.061445 0.033737 -0.031127
0.023864 0.013427 -0.031743
0.016620 0.022029 0.002657
-0.465909 0.309155 -0.254271
0.016273 -0.321270 0.200159
0.144042 0.023037 0.193054
0.119411 -0.056575 0.135686
0.651995 -0.155661 0.278529
-0.045677 0.007462 0.042920
0.029707 0.015907 0.057869
-0.145999 0.048931 0.001022
-0.003568 0.026406 -0.067028
0.020524 -0.009744 0.021909
-0.210099 0.062723 0.032977
-0.010713 -0.023212 0.020936
0.034884 0.016024 -0.025353
0.045185 -0.004819 -0.053943
-0.099087 -0.037428 -0.003030
-0.004909 -0.028045 -0.012738
0.046784 -0.013914 0.071577
0.013137 0.015759 0.030028
0.130873 -0.008755 -0.107918
0.026129 -0.000854 -0.051416
-0.028158 0.022759 -0.038293
-0.033215 -0.000299 0.054989
0.020337 0.009719 0.077790
0.019151 0.007676 -0.018391
0.041093 -0.003125 -0.101280
-0.022710 0.017943 -0.043867
0.155565 -0.009126 0.005293
0.106197 -0.164247 0.024118
-0.271999 0.122685 0.046279
-0.264232 0.049517 -0.040934
0.086415 -0.142773 -0.108605
-0.049224 -0.007217 0.065586
0.017335 -0.009993 -0.037210
-0.011202 0.016834 -0.023823
0.005615 0.006893 -0.041756
0.031248 -0.013551 -0.013577
-0.026461 -0.013821 -0.030142
0.002648 -0.004143 0.015754
0.051712 -0.016387 0.021707
0.175628 -0.158794 -0.439700
0.068925 -0.014212 -0.086246
-0.013649 0.026832 -0.043313
-0.017697 -0.037603 -0.092543
-0.025922 -0.008520 -0.019271
-0.004805 0.008653 -0.065232
0.003347 0.015497 0.027016
-0.000707 -0.003733 -0.001018
0.057822 0.169149 -0.002448
0.030623 0.049587 0.075412
-0.076979 0.029907 -0.053115
-0.033408 0.056967 0.081400
0.011141 -0.030568 0.002759
0.009542 0.001558 0.001872
0.071298 0.002139 -0.065353
0.116421 -0.035205 -0.044516
0.014687 0.000440 0.019658
-0.062802 -0.027940 0.034309
0.065826 0.016115 -0.026894
0.009234 0.002372 -0.016911
-0.208207 0.180190 0.068294
-0.014810 0.001622 -0.047402
-0.006074 0.012400 -0.007308
0.082602 0.006154 -0.000477
-0.003956 -0.015965 0.082181
-0.009143 0.025309 0.035401
0.352850 -0.188276 0.017139
0.074346 0.012599 -0.026685
-0.107615 0.034945 0.090405
0.005707 -0.003699 0.036664
-1.014306 0.509239 0.072703
0.019125 -0.016328 -0.016081
-0.079785 0.017700 0.011459
-0.065955 0.107419 0.095425
-0.022500 0.002815 0.103760
0.049363 -0.014026 -0.045051
0.008918 -0.034490 -0.023160
0.004966 0.015567 0.013485
0.087264 0.011629 -0.221420
0.035195 -0.021388 -0.024476
-0.019665 0.013301 -0.060897
-0.007197 -0.013051 0.052798
-0.071431 -0.010038 0.274597
0.003596 -0.018146 0.017456
0.017622 -0.031010 -0.037324
0.056490 0.002232 -0.015001
0.019132 0.015060 0.006458
0.026552 0.025685 0.022876
0.016427 0.035474 -0.016031
0.942329 -0.324879 -0.058615
-0.026176 -0.013538 -0.041491
0.020207 0.021610 0.041802
-0.231396 0.014580 -0.359796
-0.132704 -0.011830 0.017682
0.098359 -0.027239 0.012588
-0.068788 -0.003484 0.074361
-0.050230 0.140708 0.102841
0.079280 -0.011617 -0.054658
0.056317 -0.002582 -0.056922
-0.078651 -0.036637 0.005056
0.001301 -0.037141 -0.017140
0.001009 0.019565 -0.051588
0.079502 -0.167374 0.006798
0.027925 -0.011156 0.018750
0.044432 0.000010 -0.070739
-0.021541 -0.006288 0.004428
0.063693 -0.003934 0.104543
0.023312 0.016395 0.020605
-0.044351 0.026273 0.000318
-0.089881 -0.020413 0.046460
0.002584 0.008747 0.010035
-0.167478 0.028782 0.127759
-0.076593 -0.016314 0.040800
-0.055828 0.002002 0.021465
0.002078 -0.251120 -0.008924
-0.097489 0.010666 0.105412
0.023532 0.157927 0.028083
-0.257918 -0.288188 0.171082
-0.084047 -0.022585 -0.125784
0.025470 -0.004506 0.056044
-0.049442 0.031383 -0.025418
0.004548 -0.007118 -0.084162
0.000931 -0.030380 0.007706
0.225144 -0.126395 0.122147
0.001835 0.018444 -0.096128
0.130879 0.012048 -0.001721
0.175901 -0.028354 -0.042493
0.281593 -0.237314 0.527997
0.020213 -0.008120 -0.070537
-0.008336 0.012914 -0.030036
0.016416 -0.019463 0.018780
-0.015655 0.009218 0.010243
0.022975 0.021014 0.038764
0.020948 -0.001949 0.038401
-0.110829 -0.006874 0.088445
0.008402 -0.038533 -0.086536
-0.007585 0.026677 0.045670
0.079812 -0.023112 -0.104147
-0.035479 0.018765 0.030130
-0.225088 0.010040 0.063094
-0.033171 -0.000696 0.053760
0.044356 0.022864 -0.030902
-0.000588 0.008658 0.044776
0.011954 0.017582 0.110980
0.013904 -0.040662 -0.012750
-0.003626 0.043391 -0.006031
0.005593 -0.018636 0.013694
-0.019916 -0.000687 -0.063958
-0.227323 -0.282808 -0.723920
-0.037439 0.005030 -0.008180
0.008560 -0.013722 0.035759
-0.001734 0.051357 -0.000632
-0.010040 -0.023533 -0.091676
0.014711 0.029527 0.016555
0.002412 0.035174 0.078957
-0.004072 -0.022491 -0.018099
-0.201228 -0.052193 -0.131601
0.016850 0.000451 -0.001865
-0.048324 -0.005961 0.083403
-0.013976 -0.007545 -0.095738
0.090442 -0.028417 -0.094414
0.062874 -0.111371 -0.046117
0.031335 0.018625 -0.009823
-0.002214 0.010462 0.034499
-0.183076 0.081911 0.152507
0.046589 -0.037738 0.003391
0.152351 0.230855 0.296593
-0.156278 0.081361 0.096616
-0.009211 -0.001554 0.039493
-0.021394 -0.005951 -0.002288
0.100907 -0.009382 0.072750
-0.170673 0.004788 0.078311
-0.141380 0.051024 -0.027555
0.021396 -0.009856 0.031724
-0.041988 0.140535 -0.088420
0.001032 0.006418 0.054780
-0.077737 -0.009123 0.007012
0.001243 0.005538 -0.020615
-0.011985 -0.020560 0.026274
0.253750 -0.047365 0.031166
0.002933 -0.028129 0.007305
-0.013870 -0.004493 -0.021459
0.028557 0.002576 -0.052198
-0.072613 -0.003956 -0.010675
0.103311 0.028077 -0.049956
-0.028595 0.062379 0.146389
0.005389 0.012857 0.053130
0.036116 0.010830 -0.064452
-0.043467 0.002640 -0.024599
0.121936 -0.003458 0.017754
0.005451 -0.000461 0.033857
0.075581 -0.075078 -0.000562
0.012420 0.001721 0.059768
0.109012 0.014695 0.121655
0.010052 -0.003626 -0.015242
-0.105081 0.069440 0.064232
-0.011283 0.030944 -0.000542
0.082349 -0.000721 0.088891
-0.152592 0.022088 -0.158138
-0.186741 -0.001359 -0.079316
0.125913 0.015779 -0.017038
-0.072880 -0.010041 0.021493
-0.033232 -0.018933 -0.181042
0.100151 -0.085609 -0.070835
0.050657 0.044514 -0.067444
0.005467 0.014793 -0.064128
0.093248 -0.064413 -0.028924
-0.031402 0.008378 -0.047766
0.010762 -0.030788 -0.058135
-0.009674 -0.009468 0.018641
-0.034060 -0.003101 -0.014582
0.051606 0.036905 0.046468
0.016073 0.002356 -0.067367
0.033836 0.014016 0.012613
-0.059820 -0.024000 0.050814
-0.011124 -0.004772 0.025014
-0.003602 -0.003072 -0.062236
0.047578 0.034729 0.010249
0.042280 -0.016013 0.046845
-0.087322 0.010531 0.013817
0.019075 -0.006103 0.082854
0.026871 0.010797 -0.202744
0.001997 -0.029922 -0.030092
0.016854 0.012487 0.034737
-0.253597 0.072062 -0.040701
-0.017965 -0.019578 -0.004341
0.057368 0.004048 -0.001245
0.186008 0.063097 -0.103112
0.022601 -0.021066 -0.068589
0.044584 0.013501 -0.195454
-0.022498 -0.060066 0.000091
0.006845 0.095277 -0.141454
0.022943 -0.021574 -0.006316
-0.080537 0.010877 0.016403
-0.048737 0.082515 -0.061419
-0.190100 0.019195 -0.278177
-0.032604 0.014478 -0.014046
-0.046651 0.010165 0.127027
0.011313 0.008536 0.043501
0.010066 0.014340 0.002680
0.014193 0.024310 -0.057928
0.046109 -0.014482 0.015988
0.118122 -0.389015 -0.467497
0.027206 -0.009666 0.052350
-0.041364 0.012781 -0.004522
0.013442 0.001771 -0.040400
0.021969 -0.020961 -0.017447
-0.033505 -0.002238 -0.031593
-0.022026 0.025090 0.110912
0.010417 -0.014611 -0.024154
-0.197514 -0.049508 0.090634
0.014293 0.005974 -0.011110
-0.011024 0.010145 0.123351
-0.036036 0.187214 0.113389
0.005985 0.009982 -0.022218
0.132032 0.064152 -0.017132
-0.187350 0.282582 0.215601
-0.026434 0.011099 0.086211
-0.005406 0.061069 0.006146
-0.038071 0.018482 -0.037056
0.011783 0.041767 0.037504
0.027062 0.210735 0.161293
0.026414 -0.038327 -0.118984
0.247236 -0.086107 0.206676
-0.085877 -0.000261 -0.029602
-0.013279 0.000557 0.009812
0.006160 0.015547 -0.033685
-0.010894 -0.012828 -0.132886
-0.515958 0.341982 0.091721
-0.005043 0.015816 0.003477
-0.020911 -0.125689 0.059406
0.082567 -0.024499 -0.102484
-0.140375 -0.002618 -0.004057
0.091109 0.015954 -0.090438
0.002623 0.013497 0.022537
-0.080120 0.065775 0.053709
-0.005690 -0.090067 -0.050369
0.073445 -0.025974 -0.120642
-0.029259 0.010110 -0.005773
0.053792 0.059257 -0.112196
0.067049 0.018007 -0.000657
-0.062540 -0.084958 0.119684
0.040093 0.027322 -0.077467
0.014905 -0.056507 0.164433
-0.071147 0.014862 -0.011871
0.031453 0.005406 0.047221
0.120033 0.000720 0.007681
0.082753 -0.057808 -0.050158
0.127312 -0.034935 -0.055167
-0.004846 -0.033869 -0.069427
0.025983 -0.002950 -0.170874
0.027828 -0.006582 0.005955
-0.060495 0.031786 0.105605
-0.062877 0.057299 -0.031731
-0.028104 -0.030340 0.077217
0.012712 0.014243 0.041032
-0.077970 -0.005226 -0.006143
0.161974 -0.067344 0.142263
-0.024470 0.013821 0.014537
0.107676 -0.034032 0.238267
0.022129 -0.012460 -0.036687
0.008683 0.031556 0.017901
0.015919 -0.005362 -0.043694
0.163526 0.055979 0.036869
0.021240 -0.006733 0.037720
0.228193 -0.123668 0.229320
-0.286077 0.240347 -0.300426
0.128443 0.090652 -0.778163
-0.063827 0.101614 -0.284568
-0.031537 0.045865 -0.054401
0.008292 0.013788 0.006073
-0.089614 0.085572 -0.075429
-0.031590 0.009768 0.012149
0.033077 0.071730 -0.114301
0.163501 -0.175202 -0.018040
0.350409 -0.083961 -0.262345
0.008841 0.010703 -0.133739
-0.015598 -0.004580 0.038570
-0.079020 0.108450 -0.214483
0.015263 -0.001940 0.033207
0.100755 -0.072327 0.004106
0.029512 -0.015839 -0.065090
0.017361 -0.010260 0.028814
-0.176513 0.136136 -0.174883
-0.035591 0.083519 -0.011858
-0.012756 0.011686 0.052121
-0.026338 -0.006663 -0.001539
0.065283 -0.024022 0.020347
0.004062 0.013488 -0.024568
-0.048178 0.016337 -0.008675
-0.017647 0.003666 0.079936
0.040976 0.028291 -0.036249
0.062043 0.032129 -0.139750
-0.203898 -0.008116 -0.049402
0.085434 -0.023920 0.046401
0.215625 -0.176486 0.180227
-0.229006 0.200893 -0.061645
0.026349 0.007721 -0.068641
0.007184 -0.009813 0.060487
0.053950 -0.002066 0.007484
0.057293 0.075705 0.256270
-0.010753 -0.028325 -0.021218
-0.002266 0.038641 0.042882
-0.041263 0.007673 -0.030362
0.096500 -0.087073 0.075678
-0.021463 0.038583 0.063896
0.043489 0.016450 -0.026978
0.008160 0.007124 -0.026360
-0.004793 -0.004757 0.012979
-0.033547 -0.044237 -0.000733
0.018892 -0.018962 -0.002852
0.020928 0.014684 0.020595
0.060624 0.035086 -0.044471
-0.026453 -0.021851 -0.005943
0.002125 0.012299 -0.001493
-0.097280 -0.034981 0.251521
-0.008069 0.011583 0.016590
-0.021131 0.020111 0.016340
0.038029 0.003978 -0.037703
0.139197 -0.054125 0.026062
-0.021528 -0.059812 0.031889
0.007350 -0.041005 -0.028058
0.172092 -0.069046 0.148186
-0.000006 0.026589 -0.054711
0.134536 0.253800 -0.645656
0.019535 0.011735 -0.036578
0.019985 0.004995 0.023083
-0.052613 -0.012305 -0.022478
0.008121 -0.007219 -0.013548
-0.058406 0.035739 -0.044157
-0.015460 -0.033551 0.037843
0.043293 0.012751 -0.079391
0.127112 -0.044512 -0.008765
-0.032049 0.070208 -0.084840
-0.288272 0.110024 0.362610
-0.031874 -0.006998 -0.032922
0.109398 -0.071793 0.462173
-0.142191 0.085402 -0.000596
-0.030378 0.016956 -0.011063
0.102016 0.015370 0.027364
-0.014869 0.019922 -0.040977
0.094633 -0.183143 0.394340
-0.046756 0.100136 -0.237207
-0.011246 -0.053685 0.304942
0.104975 -0.010929 0.001630
0.131390 -0.076825 0.087255
-0.106592 -0.080522 0.190947
-0.137189 0.105442 0.055689
0.005829 0.008117 -0.005635
0.013259 -0.007338 -0.019358
0.171899 -0.058089 0.004341
0.016825 -0.003166 0.036199
0.011289 0.008746 -0.038774
-0.347450 0.175141 -0.465745
0.011785 -0.017649 0.043746
-0.021824 0.025010 0.001602
0.038062 -0.006826 -0.042942
-0.125147 0.046673 -0.207805
-0.002508 -0.000368 0.038059
-0.122207 0.015464 0.275879
0.052150 -0.049345 -0.036793
0.099885 0.001043 -0.020277
0.009045 -0.025498 0.033733
0.012680 0.018106 -0.068197
-0.029818 0.005288 -0.061203
0.077482 -0.006483 0.042564
0.002557 -0.028019 0.019316
-0.032824 0.027743 0.142313
-0.012019 -0.033354 -0.015766
0.719643 -0.417329 -0.036239
0.067755 -0.017080 -0.171132
-0.049168 0.106773 -0.372469
0.361630 0.057809 -0.162988
0.051016 -0.074302 -0.095926
0.097838 -0.039358 -0.081234
0.011799 -0.016210 0.013825
0.004314 0.007652 0.032440
-0.023282 -0.009084 0.086564
0.006650 -0.031244 0.099236
0.031288 -0.002471 0.053743
-0.058277 0.022272 -0.040281
0.000693 0.033603 0.021976
0.043378 -0.013312 -0.055318
-0.090263 -0.247050 -0.526473
0.053039 -0.020497 -0.042286
-0.012046 -0.006819 0.043832
0.018120 0.006867 0.121029
0.007833 0.024704 -0.121763
-0.074468 -0.010500 0.052592
-0.006758 -0.011855 -0.037220
0.008341 0.014187 0.016740
-0.012444 -0.021671 -0.142521
0.019204 0.102335 -0.073873
-0.042604 0.016712 0.029860
-0.089129 0.012551 -0.076110
-0.022693 0.036402 0.026660
0.095268 -0.002397 -0.016678
-0.015994 -0.046530 0.015342
0.019864 -0.012732 -0.018204
-0.311781 0.042008 0.065466
0.177699 0.414677 -0.059176
-0.013304 0.025331 -0.004857
-0.014965 0.010170 -0.019306
-0.872029 0.194900 -0.305809
0.050366 -0.016752 0.027368
-0.003187 -0.006791 0.029697
0.121782 -0.082892 0.020165
0.087189 -0.000193 -0.042363
-0.016453 -0.011070 -0.024992
-0.028739 0.005293 -0.000589
0.049095 0.002226 0.112394
-0.053163 -0.021549 -0.030050
0.296243 0.003755 -0.085507
-0.004393 0.026488 -0.043533
-0.016346 0.025900 -0.010101
0.051307 -0.000267 0.002186
0.001845 -0.006112 0.010185
0.011584 -0.021082 0.023750
-0.302552 -0.012000 0.068572
-0.008508 0.011900 -0.044309
-0.421592 -0.585367 0.123948
-0.007547 0.001507 0.035615
-0.003934 0.017355 0.045412
0.128564 0.021270 -0.000594
-0.000914 0.008258 -0.119592
0.136298 0.000164 -0.039747
0.038453 -0.005717 -0.022839
-0.004574 0.002208 0.032689
-0.030412 0.147083 0.343945
0.010772 0.001483 -0.011640
0.048839 -0.013778 -0.063691
0.007436 0.008213 0.038549
0.060775 -0.090399 0.128472
-0.003862 0.001023 -0.045357
0.036322 -0.011062 0.016202
-0.001674 0.014641 -0.034381
-0.000894 0.085980 0.053009
-0.116033 0.192404 0.101874
-0.017561 0.020918 -0.065957
0.040360 0.008413 0.050324
0.298572 -0.184314 -0.158385
0.010028 0.006874 -0.033699
-0.033394 0.006243 0.002755
-0.057393 -0.026338 0.153529
0.330046 0.137715 0.047517
-0.048639 -0.048269 0.049325
0.055915 -0.003516 -0.070826
-0.061170 -0.074780 0.015569
0.014108 -0.063349 0.016979
-0.322767 0.105584 -0.020308
0.133280 -0.065866 0.191528
-0.031697 -0.007437 0.049422
0.049048 -0.052316 0.421358
0.027579 -0.030528 0.012568
0.015774 -0.000982 -0.030667
0.067989 0.024519 -0.000807
0.065332 0.001074 0.045918
-0.042964 0.006305 0.079508
-0.013719 0.005901 0.076995
0.029646 -0.030731 0.028485
-0.103065 0.006229 0.142422
-0.050074 -0.015382 0.076326
-0.029718 0.001845 0.140838
-0.015203 0.009099 0.015787
0.045206 -0.047568 0.102986
0.163738 -0.199558 0.137676
0.091212 0.195346 0.454111
-0.516681 0.016053 0.132386
-0.031420 0.084468 -0.098881
-0.034144 -0.013705 -0.110819
0.985085 0.005649 0.018361
0.016211 1.013380 0.007362
0.003916 -0.000840 1.010759
