936
0.349391 0.116459 0.072056
0.040495 0.112326 0.417764
0.123972 0.190274 0.585662
0.059000 0.491220 0.165089
0.203451 0.318290 0.504240
0.671467 0.552696 0.534903
0.171840 0.264624 0.092805
0.199999 0.088426 0.199636
0.380766 0.303877 0.293870
0.429011 0.362096 0.646984
0.196088 0.162758 0.163129
0.087492 0.069511 0.071125
0.072041 0.055899 0.060293
0.364802 0.280318 0.280084
0.087017 0.066440 0.070269
0.528287 0.034570 0.152747
0.288170 0.057853 0.304985
0.051927 0.094576 0.118513
0.004472 0.546888 0.620644
0.139618 0.094887 0.078803
0.381191 0.283980 0.286364
0.075618 0.059672 0.063867
0.163131 0.071634 0.147720
0.274692 0.191869 0.516741
0.043705 0.087650 0.226387
0.045598 0.090772 0.164354
-0.013253 0.387144 0.450919
0.127379 0.539917 0.316596
0.107185 0.080802 0.084223
0.350397 0.091219 0.047887
0.044980 0.099311 0.384464
0.067605 0.112026 0.090355
0.383848 0.287326 0.287771
0.104428 0.174972 0.558861
0.022601 0.439155 0.114186
0.038769 0.549909 0.402979
0.097262 0.074098 0.075849
0.185820 0.285655 0.493311
0.676725 0.516188 0.512255
0.249436 0.192736 0.192554
0.490477 0.176231 0.069999
0.169120 0.598875 0.159310
0.134804 0.242415 0.077077
0.159458 0.070900 0.168314
0.370543 0.276926 0.274365
0.073161 0.058245 0.060904
0.379859 0.316693 0.590209
0.201701 0.154548 0.154706
0.345681 0.129053 0.048938
0.040162 0.590230 0.167858
0.083142 0.062622 0.064030
0.093551 0.072465 0.074685
0.284407 0.224867 0.221247
0.102163 0.076629 0.072667
0.397000 0.526843 0.072235
0.360461 0.268356 0.263034
0.305927 0.037122 0.044531
0.168942 0.050205 0.082030
0.587829 0.692095 0.006784
0.355793 0.265809 0.260857
0.384535 0.296465 0.288124
0.373441 0.282323 0.274706
0.074275 0.053685 0.052251
0.360171 0.272137 0.264055
0.274141 0.420322 0.148129
0.317984 0.141051 0.317388
0.605831 0.482473 0.467582
0.312172 0.258561 0.258698
0.138970 0.110760 0.113462
0.583190 0.448547 0.448443
0.114979 0.088834 0.096086
0.139272 0.105666 0.111275
0.589302 0.444828 0.446555
0.458283 0.091793 0.488885
0.083357 0.150387 0.189439
0.221310 0.150999 0.125682
0.604938 0.451001 0.457351
0.119440 0.093844 0.099696
0.259922 0.113629 0.235745
0.068269 0.139621 0.359596
0.073583 0.144357 0.260329
0.169774 0.128410 0.134293
0.605795 0.474133 0.469063
0.553343 0.145879 0.076818
0.124276 0.092220 0.095143
0.107184 0.178198 0.143719
0.613450 0.455415 0.457380
0.116690 0.091743 0.097547
0.154347 0.117599 0.121790
0.395585 0.306458 0.304840
0.215286 0.384262 0.122920
0.255117 0.112240 0.267601
0.591053 0.439682 0.437320
0.318884 0.245774 0.246465
0.549400 0.205418 0.077461
0.148004 0.115364 0.119334
0.451545 0.356833 0.350285
0.162012 0.121531 0.115008
0.573195 0.426141 0.419677
0.117973 0.088670 0.089721
0.486929 0.059151 0.070143
0.616060 0.474160 0.462591
0.269672 0.079758 0.130360
0.289856 0.095773 0.066999
0.566751 0.421801 0.415459
0.118285 0.085613 0.083694
0.043705 0.014633 0.008950
0.005063 0.014051 0.052455
0.149435 0.042013 0.032858
0.015505 0.023925 0.073336
0.007021 0.062148 0.020803
0.025294 0.040170 0.063237
0.163421 0.007341 0.008877
0.084916 0.070180 0.067183
0.021531 0.033405 0.011682
0.024777 0.011075 0.024904
0.201929 0.106727 -0.007546
0.047881 0.038381 0.036866
0.054376 0.045728 0.081414
0.074705 0.098016 0.014993
0.134499 0.013462 0.046121
0.024671 0.020510 0.020511
0.021928 0.103332 0.088331
0.011271 0.008723 0.009136
0.201429 0.160915 0.152788
0.009123 0.006997 0.007487
0.046229 0.035630 0.035608
0.008997 0.006927 0.007635
0.011301 0.008311 0.008899
0.066473 0.004296 0.019115
0.118847 0.037694 0.074690
0.035662 0.007334 0.038074
0.005434 0.067103 0.100849
0.006629 0.011861 0.014908
0.017790 0.011878 0.009901
0.008969 0.007526 0.007854
0.034345 0.024117 0.064869
0.005204 0.010965 0.028378
0.018565 0.063997 0.108701
0.005835 0.011384 0.020556
0.036258 0.059207 0.107229
0.015896 0.068724 0.040103
0.013447 0.010151 0.010570
0.131358 0.118353 0.135755
0.208419 0.099836 0.107885
0.081412 0.133585 0.121714
0.208817 0.097531 0.090687
0.124649 0.121656 0.063503
0.160752 0.029333 0.010241
0.146964 0.038799 0.031400
0.194229 0.145995 0.141050
0.005754 0.012310 0.048307
0.009666 0.007215 0.007576
0.196387 0.060627 0.042362
0.205206 0.043919 0.032563
0.008884 0.014017 0.011546
0.009047 0.007241 0.007588
0.145896 0.041297 0.030281
0.012965 0.022077 0.069968
0.132533 0.106408 0.104334
0.021045 0.015797 0.016199
0.123464 0.047383 0.023477
0.116902 0.051708 0.034223
0.005073 0.069815 0.051253
0.012485 0.009252 0.009862
0.023208 0.036074 0.061961
0.151208 0.004287 0.004829
0.085776 0.065478 0.064550
0.061851 0.022198 0.009025
0.118589 0.049732 0.033457
0.020982 0.075998 0.020186
0.017102 0.030399 0.009712
0.020183 0.008807 0.020965
0.067662 0.052239 0.051438
0.140063 0.051492 0.037532
0.138339 0.041637 0.031292
0.009228 0.007189 0.007483
0.047178 0.040076 0.073915
0.066409 0.089321 0.011002
0.124509 0.009516 0.039116
0.043601 0.016314 0.005999
0.004770 0.074736 0.021421
0.010427 0.007854 0.008039
0.207855 0.167886 0.158663
0.020864 0.098053 0.085278
0.011729 0.009129 0.009690
0.150153 0.032558 0.019806
0.155315 0.037967 0.019837
0.116082 0.041631 0.004209
0.191876 0.145819 0.140625
0.206896 0.104771 0.074520
0.116180 0.147820 0.119649
0.162803 0.111567 0.125772
0.096596 0.125876 0.136326
0.097150 0.074759 0.072896
0.012596 0.009665 0.009131
0.050283 0.066681 0.009427
0.009059 0.007027 0.007067
0.038546 0.004644 0.005521
0.163099 0.028096 0.036318
0.181144 0.029198 0.022968
0.087602 0.055854 0.003623
0.041790 0.100474 0.007409
0.009887 0.007137 0.007324
0.021606 0.006215 0.010081
0.023057 0.007521 0.005076
0.044960 0.033566 0.033344
0.009738 0.007020 0.007267
0.047147 0.035823 0.034711
0.009293 0.006728 0.006545
0.009608 0.006945 0.007077
0.055459 0.018573 0.011555
0.006483 0.017810 0.066199
0.019490 0.030228 0.092776
0.009024 0.078325 0.026216
0.169824 0.139962 0.136073
0.032164 0.050570 0.079734
0.206055 0.009225 0.011191
0.106912 0.088322 0.084656
0.027418 0.042037 0.014770
0.031831 0.013988 0.031479
0.254893 0.134244 -0.009649
0.060816 0.048312 0.046640
0.068141 0.057778 0.102705
0.094118 0.123258 0.018803
0.169365 0.016917 0.058469
0.030846 0.025829 0.025585
0.027705 0.130006 0.111087
0.013867 0.011015 0.011327
0.253862 0.202384 0.192250
0.011811 0.008797 0.009715
0.011594 0.008828 0.009778
0.013960 0.010617 0.011366
0.235777 0.179330 0.173009
0.083600 0.005406 0.024095
0.150279 0.047451 0.094144
0.045317 0.009164 0.048125
0.000559 0.056142 0.134982
0.006439 0.084454 0.127163
0.008174 0.014872 0.019252
0.022547 0.014946 0.012387
0.060945 0.045037 0.045761
0.011811 0.009362 0.010200
0.025956 0.011204 0.023443
0.043822 0.030320 0.082234
0.006813 0.013825 0.035677
0.023164 0.080558 0.136004
0.007381 0.014191 0.026118
0.045700 0.074545 0.134616
0.020681 0.086233 0.050118
0.017440 0.012742 0.013584
0.165379 0.149334 0.170956
0.261620 0.125440 0.136358
0.102240 0.168187 0.155111
0.263779 0.122558 0.114523
0.156518 0.153601 0.079622
0.201953 0.036816 0.012532
0.055423 0.014460 0.007598
0.007236 0.015557 0.061017
0.257026 0.201284 0.192545
0.012752 0.009131 0.009560
0.258739 0.055220 0.040920
0.010884 0.017685 0.014694
0.011566 0.009174 0.009766
0.016493 0.027713 0.088097
0.003726 0.069932 0.018434
0.155654 0.059411 0.029192
0.146981 0.064965 0.042675
0.005770 0.087751 0.064044
0.015320 0.011732 0.012416
0.029500 0.045274 0.077878
0.189744 0.005422 0.006057
0.077703 0.028043 0.011101
0.148880 0.062671 0.042161
0.027235 0.095899 0.025264
0.243754 0.184674 0.177212
0.021780 0.038442 0.012740
0.025465 0.011092 0.026725
0.231559 0.112349 -0.010288
0.175167 0.065063 0.047872
0.173677 0.052488 0.039466
0.011636 0.009153 0.009828
0.061190 0.050365 0.093560
0.084651 0.112355 0.013899
0.156409 0.012086 0.049268
0.109699 0.018330 0.002050
0.054731 0.020706 0.008010
0.006143 0.094429 0.027016
0.013404 0.009915 0.009988
0.261696 0.211305 0.199742
0.026117 0.123585 0.107389
0.014877 0.011494 0.011929
0.189112 0.041314 0.025436
0.196411 0.048095 0.025669
0.146010 0.052674 0.005296
0.242645 0.183967 0.176221
0.261799 0.131754 0.093573
0.146313 0.186058 0.150342
0.205901 0.140431 0.158384
0.122828 0.158845 0.171989
0.016204 0.012113 0.011619
0.063865 0.083899 0.011611
0.011461 0.008896 0.009247
0.048228 0.005932 0.006651
0.206106 0.035372 0.046261
0.227885 0.037247 0.029392
0.110508 0.070154 0.003826
0.051770 0.126646 0.009082
0.011862 0.009107 0.009210
0.027073 0.007848 0.013049
0.094105 0.110870 0.001723
0.029583 0.009488 0.006452
0.057470 0.042208 0.041415
0.012017 0.008985 0.009090
0.012019 0.008551 0.008515
0.057839 0.043332 0.042084
0.011879 0.008829 0.009149
0.235830 0.180033 0.172644
0.069462 0.023293 0.014236
0.007762 0.022444 0.083457
0.326949 0.261258 0.248504
0.236896 0.066773 0.052312
0.024431 0.038049 0.116748
0.011801 0.098771 0.033119
0.214234 0.176447 0.171103
0.040630 0.063917 0.100728
0.259550 0.011587 0.014313
0.181967 0.003921 -0.002724
0.134616 0.111403 0.106779
0.034206 0.052955 0.018613
0.039587 0.017694 0.039550
0.320736 0.169409 -0.012358
0.076508 0.061098 0.058928
0.085756 0.072739 0.128700
0.117780 0.155358 0.023897
0.213509 0.021308 0.073693
0.039341 0.032616 0.032455
0.034568 0.163672 0.140312
0.293794 0.106978 -0.011422
0.017604 0.013795 0.014237
0.319901 0.254446 0.242363
0.014733 0.010976 0.011902
0.014347 0.011055 0.012144
0.073399 0.056251 0.056282
0.017423 0.013237 0.014084
0.105437 0.006991 0.030407
0.189323 0.059736 0.118717
0.057361 0.011532 0.060893
0.000669 0.070960 0.170589
0.008569 0.106527 0.160980
0.010792 0.018886 0.023898
0.001083 0.110115 0.124584
0.027951 0.019036 0.015964
0.015290 0.011929 0.012898
0.032315 0.014359 0.029770
0.055698 0.038228 0.102834
0.008445 0.017470 0.045209
0.030284 0.101235 0.173375
0.009152 0.018038 0.032657
0.056827 0.094353 0.170539
0.025411 0.109121 0.063794
0.021483 0.016174 0.016961
0.209762 0.188077 0.215023
0.329047 0.158694 0.172311
0.129158 0.212345 0.194581
0.330908 0.154884 0.145263
0.198132 0.193631 0.100582
0.255146 0.046336 0.016253
0.232502 0.061954 0.049020
0.307528 0.231726 0.223902
0.069780 0.018383 0.009618
0.008988 0.019760 0.076692
0.015525 0.011585 0.012014
0.311695 0.096265 0.066887
0.326853 0.069649 0.051877
0.013546 0.022439 0.018088
0.014768 0.011464 0.012410
0.232128 0.065595 0.047249
0.020156 0.035147 0.111253
0.004253 0.088133 0.023055
0.196532 0.075117 0.037289
0.185679 0.081912 0.053866
0.008381 0.110610 0.080797
0.037234 0.057207 0.098620
0.240173 0.006746 0.007869
0.098110 0.035453 0.014365
0.188654 0.079081 0.052742
0.034169 0.120914 0.032146
0.026912 0.048509 0.015687
0.032137 0.014255 0.033389
0.292094 0.141881 -0.013090
0.075984 0.057233 0.055808
0.222070 0.081676 0.059949
0.014715 0.011577 0.012067
0.076162 0.063710 0.117053
0.105920 0.141656 0.017176
0.196880 0.014988 0.062231
0.040083 0.030981 0.031226
0.177613 0.141179 0.139351
0.137929 0.023235 0.002677
0.069160 0.025851 0.010082
0.007748 0.119015 0.034160
0.016752 0.012556 0.012941
0.330414 0.265538 0.251048
0.032392 0.155580 0.135363
0.018727 0.014496 0.014986
0.237408 0.052094 0.031785
0.183672 0.066411 0.006524
0.328777 0.166672 0.118722
0.184845 0.234294 0.189672
0.259187 0.177367 0.199293
0.153492 0.200047 0.216696
0.057516 0.044914 0.044178
0.020216 0.015353 0.014741
0.079706 0.105940 0.014581
0.015347 0.010979 0.011364
0.061152 0.007316 0.008478
0.258687 0.044711 0.058466
0.287621 0.046684 0.036504
0.134799 0.153604 -0.004979
0.138722 0.088762 0.005348
0.065443 0.159323 0.011232
0.014920 0.011483 0.011490
0.034035 0.009912 0.016411
0.373433 0.127645 -0.023255
0.283249 0.158880 -0.017374
0.117955 0.139642 0.001749
0.036868 0.011936 0.008340
0.015256 0.011209 0.011585
0.320318 0.251870 0.239549
0.075751 0.056555 0.055143
0.014962 0.010689 0.010447
0.014858 0.011081 0.011220
0.604947 0.072239 -0.035243
0.016028 0.044703 0.166911
0.473033 0.133263 0.105043
0.049191 0.075978 0.233999
0.023267 0.196892 0.065919
0.426904 0.351067 0.341528
0.081034 0.127183 0.200832
0.518060 0.023339 0.028434
0.362511 0.007816 -0.005410
0.268552 0.221922 0.213482
0.068631 0.105954 0.037133
0.079970 0.035269 0.079518
0.639621 0.336684 -0.024265
0.152162 0.121538 0.117009
0.170959 0.145013 0.258227
0.235834 0.309647 0.047473
0.425393 0.042780 0.147298
0.078452 0.064957 0.064730
0.068637 0.326311 0.279670
0.585383 0.213503 -0.023204
0.000068 0.157300 0.259313
0.034217 0.027739 0.028220
0.637192 0.506919 0.483523
0.630453 0.494437 0.476127
0.034783 0.026432 0.027889
0.148356 0.112095 0.111748
0.209766 0.014001 0.060952
0.375884 0.119286 0.237434
0.115679 0.022901 0.121520
0.001615 0.141404 0.339976
0.016880 0.212498 0.321033
0.021109 0.037765 0.047386
0.001471 0.219231 0.248372
0.055539 0.037869 0.031189
0.029642 0.023394 0.025146
0.064935 0.028650 0.058670
0.110324 0.076437 0.206278
0.017002 0.034953 0.089547
0.058384 0.202331 0.344642
0.018280 0.036042 0.065141
0.112309 0.187979 0.338960
0.050334 0.216860 0.126751
0.650523 0.518803 0.494970
0.415699 0.374956 0.429614
0.656133 0.315110 0.342885
0.259359 0.422470 0.387919
0.661902 0.307924 0.288238
0.396341 0.384630 0.200903
0.508578 0.092374 0.031872
0.464822 0.123554 0.097837
0.610749 0.461356 0.446582
0.138915 0.036382 0.018999
0.588071 0.067317 -0.039146
0.017899 0.039348 0.153103
0.030991 0.022900 0.023742
0.620956 0.192239 0.134237
0.648331 0.139164 0.103758
0.026623 0.044596 0.036112
0.041381 0.069837 0.223207
0.009612 0.175532 0.045306
0.419135 0.336424 0.331127
0.388774 0.150178 0.074717
0.370738 0.163392 0.107546
0.016122 0.220328 0.161657
0.660100 0.526440 0.500865
0.073800 0.114058 0.196959
0.478522 0.013314 0.015639
0.270588 0.207341 0.204447
0.196206 0.070285 0.027366
0.372615 0.158063 0.105663
0.066936 0.240662 0.063481
0.054281 0.096775 0.030801
0.063390 0.028242 0.067223
0.581872 0.282750 -0.026825
0.441247 0.162972 0.120214
0.437241 0.132018 0.099390
0.028940 0.023169 0.024180
0.152567 0.126664 0.235394
0.210935 0.282720 0.034289
0.394358 0.029838 0.125414
0.274053 0.046174 0.005285
0.138290 0.051546 0.019566
0.015466 0.236802 0.067277
0.656251 0.528386 0.501157
0.065116 0.309686 0.270178
0.542349 0.197016 -0.028350
0.537703 0.422237 0.410018
0.475216 0.103364 0.063330
0.492840 0.120750 0.063766
0.365774 0.132307 0.012478
0.607216 0.460508 0.444106
0.656724 0.330807 0.235124
0.368930 0.466006 0.378530
0.516119 0.353185 0.397247
0.307224 0.397754 0.433321
0.158758 0.210933 0.028937
0.144730 0.107270 0.104567
0.121804 0.014795 0.017440
0.516614 0.088916 0.117118
0.572592 0.092988 0.072579
0.268105 0.306187 -0.011400
0.276563 0.176749 0.009477
0.131106 0.317356 0.021643
0.393445 0.000712 0.025391
0.066706 0.020038 0.032708
0.563515 0.316442 -0.034887
0.234721 0.278085 0.003408
0.072760 0.024032 0.016566
0.657371 0.519341 0.495829
0.029342 0.021424 0.020822
0.144316 0.108833 0.104429
0.593008 0.450587 0.434836
0.176247 0.058570 0.035924
0.020203 0.056572 0.210888
0.596469 0.168145 0.132452
0.062508 0.095916 0.295195
0.029546 0.248336 0.083036
0.539305 0.442838 0.431590
0.102503 0.160745 0.254048
0.653916 0.029413 0.036017
0.457084 0.010087 -0.007136
0.338106 0.280029 0.269504
0.086608 0.133334 0.046481
0.100885 0.044469 0.100243
0.192150 0.153429 0.148553
0.215670 0.183236 0.325530
0.297592 0.389968 0.059885
0.537458 0.053741 0.186459
0.098687 0.082081 0.081478
0.087616 0.411088 0.352509
-0.000357 0.198834 0.327272
0.043522 0.035069 0.035858
0.036276 0.028152 0.030030
0.043543 0.033640 0.035215
0.266747 0.017323 0.076673
0.475795 0.151380 0.299175
0.145444 0.028844 0.154754
0.002242 0.178964 0.429838
0.021185 0.267927 0.404881
0.026463 0.047367 0.059787
0.001522 0.276697 0.313107
0.070385 0.047767 0.039615
0.038042 0.029848 0.031505
0.082693 0.035917 0.074154
0.139197 0.096553 0.260437
0.021681 0.044143 0.113769
0.073455 0.255447 0.435436
0.022838 0.045594 0.082323
0.141712 0.236791 0.427954
0.063135 0.273519 0.160063
0.054057 0.040673 0.042373
0.524617 0.472536 0.540096
0.328149 0.532303 0.490299
0.498957 0.484681 0.253400
0.641007 0.116942 0.040253
0.584929 0.155564 0.123000
0.175091 0.046192 0.023966
0.022763 0.049779 0.193887
0.039276 0.029160 0.029971
0.033988 0.056337 0.045449
0.037080 0.029017 0.030760
0.583137 0.165717 0.120718
0.052609 0.088143 0.281938
0.011591 0.222076 0.057924
0.528812 0.424508 0.418699
0.490919 0.188967 0.094825
0.467731 0.205992 0.135244
0.020142 0.277559 0.203869
0.049161 0.037122 0.038697
0.093749 0.143667 0.248553
0.605119 0.017022 0.019445
0.125776 0.097221 0.096512
0.247639 0.088788 0.035023
0.471647 0.198949 0.133560
0.085036 0.303435 0.080058
0.068192 0.122127 0.038745
0.080524 0.035569 0.084828
0.556149 0.205462 0.151491
0.552412 0.166535 0.125555
0.187328 0.140084 0.138454
0.036712 0.029342 0.030093
0.191317 0.160264 0.297130
0.267738 0.355952 0.043273
0.496470 0.037977 0.157711
0.101388 0.077811 0.077480
0.447267 0.354541 0.347682
0.347329 0.058234 0.006169
0.174232 0.065142 0.024671
0.020631 0.297986 0.084228
0.042129 0.031536 0.031891
0.082029 0.390304 0.340974
0.683049 0.248491 -0.035658
0.046433 0.036635 0.037915
0.677954 0.531155 0.517726
0.598796 0.130602 0.080734
0.622811 0.151899 0.080234
0.461492 0.167336 0.015606
0.465993 0.586342 0.477556
0.650583 0.445056 0.500968
0.388157 0.501148 0.545571
0.051184 0.038543 0.036822
0.200911 0.266212 0.036047
0.182200 0.135254 0.133202
0.154259 0.018758 0.021830
0.651071 0.112790 0.148203
0.340292 0.384886 -0.014288
0.349847 0.222590 0.012202
0.164066 0.400125 0.027369
0.496387 0.001171 0.032230
0.085097 0.025110 0.041345
0.296797 0.350304 0.003931
0.092371 0.030185 0.021130
0.037138 0.027033 0.026097
0.279194 0.092892 0.057232
0.031956 0.089684 0.333322
0.098703 0.151891 0.468047
0.047011 0.392187 0.131779
0.161809 0.254630 0.401698
0.535219 0.442319 0.427175
0.136925 0.211523 0.073944
0.159320 0.070592 0.159367
0.302617 0.242908 0.234543
0.342172 0.289346 0.516657
0.472016 0.615617 0.095421
0.156462 0.129671 0.129819
0.139816 0.649202 0.559357
0.000062 0.314366 0.518697
0.069321 0.055601 0.056797
0.057226 0.044502 0.047831
0.069405 0.053127 0.055789
0.422007 0.027589 0.121904
0.229095 0.046012 0.244194
0.034533 0.423084 0.641724
0.041665 0.075478 0.094815
0.004039 0.436847 0.496829
0.110349 0.075671 0.062026
0.059691 0.047149 0.050505
0.130025 0.056885 0.117509
0.219452 0.153187 0.412306
0.034390 0.069962 0.180705
0.036232 0.072490 0.129936
0.225055 0.374295 0.677924
-0.011037 0.309749 0.359703
0.100657 0.431884 0.253097
0.302353 0.238561 0.235582
0.278408 0.072946 0.038408
0.036555 0.078937 0.306424
0.062227 0.046051 0.047906
0.054130 0.089299 0.071794
0.306558 0.229506 0.230343
0.058788 0.045701 0.048693
0.083030 0.139280 0.446550
0.018102 0.350916 0.091118
0.132558 0.100776 0.101532
0.030993 0.439246 0.321969
0.077942 0.058847 0.061272
0.145975 0.228637 0.394248
0.539696 0.413391 0.409713
0.390351 0.140744 0.055351
0.134263 0.479497 0.127098
0.107854 0.193066 0.061181
0.126978 0.056262 0.134012
0.427341 0.330092 0.323462
0.303151 0.253495 0.470151
0.421890 0.562578 0.068357
0.708786 0.559070 0.551149
0.548521 0.091970 0.010310
0.276085 0.102750 0.038953
0.032749 0.471284 0.133624
0.066167 0.049997 0.050847
0.132075 0.616711 0.539368
0.081417 0.061091 0.058084
0.317212 0.420799 0.057044
0.288235 0.214473 0.210482
0.243847 0.029525 0.034952
0.538472 0.607542 -0.022940
0.553197 0.351515 0.019470
0.260806 0.631252 0.042930
0.134690 0.039894 0.065134
0.470381 0.553081 0.005420
0.145938 0.047809 0.033132
0.297771 0.225977 0.218929
0.058559 0.042859 0.041448
0.035077 0.011612 0.007085
0.003850 0.011251 0.041812
0.119088 0.033382 0.025915
0.012120 0.019062 0.058311
0.005975 0.049441 0.016736
0.107351 0.088599 0.085919
0.020277 0.032048 0.050256
0.130269 0.005878 0.007071
0.067652 0.055925 0.053604
0.017643 0.026605 0.009262
0.038077 0.030708 0.029641
0.042882 0.036468 0.064854
0.059554 0.078038 0.012161
0.107218 0.010727 0.036917
0.019681 0.016319 0.016273
0.017496 0.082179 0.069957
0.008482 0.006940 0.007044
0.007311 0.005567 0.006051
0.007190 0.005585 0.006159
0.008483 0.006680 0.007104
0.052179 0.003575 0.015490
0.094317 0.030039 0.059763
0.028730 0.005797 0.030314
0.005035 0.053245 0.080241
0.005461 0.009492 0.011870
0.013758 0.009578 0.008187
0.007327 0.005925 0.006259
0.016375 0.007156 0.014997
0.027974 0.019158 0.051691
0.004228 0.008756 0.022858
0.015138 0.050676 0.086184
0.004659 0.009108 0.016518
0.028556 0.047188 0.085370
0.012384 0.054642 0.031976
0.010906 0.008060 0.008721
0.104867 0.094337 0.107370
0.165404 0.079552 0.085817
0.064750 0.106725 0.097895
0.166328 0.077531 0.072422
0.099503 0.096772 0.050406
0.127913 0.023343 0.007914
0.116335 0.031087 0.024150
0.035164 0.009259 0.004828
0.004514 0.009869 0.038422
0.007838 0.005793 0.005973
0.163172 0.034907 0.025899
0.007008 0.011231 0.009273
0.007273 0.005777 0.006109
0.116968 0.032837 0.023873
0.010289 0.017631 0.055846
0.105548 0.084904 0.082815
0.016703 0.012626 0.013027
0.097711 0.037813 0.019102
0.093295 0.041182 0.027168
0.004280 0.055337 0.040232
0.009807 0.007426 0.007777
0.165727 0.133134 0.126004
0.018590 0.028672 0.049469
0.121084 0.003272 0.003713
0.049832 0.017631 0.006998
0.094469 0.039686 0.026704
0.016805 0.060629 0.016403
0.013733 0.024403 0.007950
0.015962 0.007139 0.017105
0.111211 0.040926 0.029942
0.110589 0.033187 0.024672
0.007285 0.005817 0.006009
0.037920 0.032026 0.059316
0.053652 0.071081 0.008960
0.098886 0.007634 0.031307
0.089685 0.070961 0.069284
0.034995 0.012881 0.005232
0.004186 0.059503 0.017265
0.008181 0.006325 0.006485
0.017186 0.077863 0.068142
0.009567 0.007200 0.007913
0.135608 0.106555 0.103014
0.119681 0.026217 0.016114
0.124313 0.030193 0.015947
0.092673 0.033378 0.003484
0.165323 0.083652 0.059369
0.093729 0.117321 0.095129
0.130078 0.088968 0.099662
0.077295 0.100615 0.108159
0.028701 0.022623 0.022616
0.010548 0.007592 0.007556
0.040441 0.053024 0.007894
0.007224 0.005561 0.005543
0.030365 0.003740 0.004236
0.130491 0.022361 0.029007
0.143972 0.023511 0.018146
0.033669 0.079828 0.005835
0.007378 0.005679 0.005660
0.016790 0.005035 0.008232
0.018324 0.005971 0.004111
0.039018 0.029868 0.029095
0.007094 0.005446 0.005291
0.007103 0.005569 0.005606
0.149849 0.113737 0.108901
0.480016 0.057391 -0.028083
0.012487 0.035555 0.131917
0.375065 0.105580 0.082341
0.039004 0.060234 0.185827
0.018712 0.155912 0.051865
0.338129 0.278798 0.270760
0.064484 0.101199 0.159561
0.410997 0.018558 0.022453
0.286924 0.006236 -0.004271
0.212843 0.176071 0.169091
0.054256 0.083985 0.029207
0.063326 0.027969 0.062846
0.507964 0.267567 -0.019357
0.120675 0.096516 0.092817
0.135753 0.114968 0.204943
0.186819 0.245837 0.037808
0.337792 0.033856 0.117032
0.062448 0.051492 0.051398
0.055059 0.258940 0.222275
0.464846 0.169507 -0.018354
0.000328 0.124943 0.206038
0.507776 0.402378 0.383588
0.500115 0.392482 0.377943
0.022932 0.017607 0.018965
0.490980 0.378081 0.365640
0.027579 0.021083 0.022284
0.470648 0.356313 0.344800
0.166982 0.010894 0.048313
0.299227 0.094511 0.188267
0.090933 0.018274 0.096236
0.001248 0.112386 0.269336
0.014282 0.168287 0.254378
0.016459 0.029967 0.037803
0.001863 0.173922 0.197485
0.044077 0.030204 0.025106
0.024058 0.019035 0.020450
0.051407 0.022602 0.046581
0.087337 0.060637 0.163637
0.013039 0.027804 0.071253
0.046671 0.160010 0.273783
0.014877 0.028622 0.051571
0.090488 0.148547 0.269677
0.040552 0.171986 0.099990
0.033382 0.025682 0.026701
0.515725 0.412362 0.392722
0.330558 0.297580 0.339840
0.521014 0.250618 0.271838
0.205481 0.335544 0.307959
0.524271 0.244670 0.229962
0.314420 0.305054 0.159173
0.404143 0.073481 0.025244
0.369470 0.097760 0.077117
0.486007 0.366663 0.352779
0.109998 0.029035 0.015262
0.014270 0.031313 0.120967
0.511506 0.400496 0.383928
0.493072 0.152704 0.106709
0.515140 0.110077 0.082064
0.021459 0.035551 0.029072
0.367346 0.103917 0.075330
0.032718 0.055323 0.177690
0.007488 0.139280 0.036286
0.052229 0.039969 0.039736
0.309341 0.118610 0.058945
0.293257 0.129649 0.085401
0.012373 0.174788 0.127584
0.058631 0.090658 0.156454
0.380204 0.010512 0.012042
0.213684 0.164705 0.162205
0.155499 0.055696 0.021878
0.296130 0.125124 0.083727
0.053612 0.190985 0.050321
0.486284 0.367081 0.352997
0.042337 0.076921 0.024585
0.050138 0.022466 0.053201
0.461855 0.224566 -0.021584
0.118410 0.090880 0.088317
0.169798 0.131426 0.129307
0.350368 0.129376 0.094845
0.347665 0.104550 0.078278
0.023178 0.018328 0.019093
0.120572 0.100562 0.186599
0.166910 0.224535 0.027274
0.312205 0.023631 0.098716
0.280946 0.223449 0.218706
0.217648 0.036646 0.004071
0.109887 0.040885 0.015447
0.012044 0.187952 0.053513
0.026314 0.019851 0.020170
0.522664 0.419818 0.398717
0.052016 0.245681 0.214054
0.429317 0.156753 -0.022360
0.426548 0.334936 0.324573
0.378203 0.081957 0.050386
0.390564 0.095637 0.050393
0.290843 0.104859 0.009832
0.483169 0.365157 0.351698
0.520802 0.263043 0.187805
0.291744 0.370067 0.299878
0.409467 0.280653 0.315435
0.242468 0.316364 0.342631
0.245161 0.188149 0.184133
0.031910 0.024261 0.023239
0.125650 0.167645 0.023349
0.023773 0.017528 0.017960
0.096992 0.011745 0.013918
0.410130 0.070904 0.092105
0.454467 0.074206 0.058073
0.212712 0.242660 -0.008362
0.220541 0.140061 0.007921
0.103265 0.252296 0.017572
0.053619 0.015892 0.025754
0.589726 0.202308 -0.036914
0.446179 0.251587 -0.027138
0.185708 0.220861 0.002649
0.057978 0.019094 0.013025
0.113189 0.084327 0.082299
0.521848 0.413554 0.394028
0.508218 0.398686 0.380862
0.491244 0.380885 0.364487
0.114136 0.086596 0.083779
