936
0.357268 0.116693 0.082142
0.055793 0.117643 0.499497
0.140217 0.196157 0.637454
0.062434 0.496439 0.176656
0.208982 0.317987 0.500071
0.656555 0.542860 0.520918
0.170758 0.261481 0.098076
0.197876 0.091162 0.207038
0.377804 0.299434 0.277757
0.430863 0.364113 0.645675
0.191422 0.163259 0.157822
0.084474 0.070804 0.069444
0.069474 0.057280 0.058435
0.359533 0.277703 0.264415
0.084202 0.067797 0.067885
0.524156 0.042254 0.192743
0.283512 0.064896 0.364145
0.053588 0.094943 0.113137
0.035605 0.548649 0.690672
0.138160 0.094751 0.076151
0.380143 0.279618 0.270664
0.072798 0.059766 0.060771
0.160827 0.073306 0.149437
0.275434 0.195589 0.538921
0.049612 0.090121 0.249470
0.049295 0.092032 0.169394
0.008737 0.396779 0.507609
0.133158 0.534839 0.304918
0.104891 0.082098 0.081825
0.361824 0.092916 0.060749
0.057973 0.104056 0.466398
0.068331 0.111542 0.086116
0.383520 0.282179 0.273148
0.121159 0.181520 0.611115
0.026973 0.450209 0.133496
0.054551 0.548226 0.415750
0.095941 0.075423 0.074089
0.192195 0.280438 0.490851
0.684570 0.510123 0.501184
0.242455 0.193431 0.184144
0.501788 0.177502 0.090560
0.166402 0.593131 0.173161
0.131905 0.241431 0.081503
0.158260 0.073100 0.175691
0.369403 0.271592 0.261077
0.070598 0.059596 0.058934
0.381254 0.314691 0.586611
0.200005 0.154509 0.149305
0.354806 0.129797 0.060780
0.046486 0.590905 0.189042
0.081175 0.063507 0.062960
0.090929 0.073891 0.073247
0.279705 0.222016 0.210972
0.100924 0.077643 0.070125
0.401253 0.522635 0.116470
0.357274 0.262766 0.246400
0.315480 0.039871 0.056475
0.169343 0.051937 0.083717
0.580776 0.693396 0.107273
0.354825 0.261020 0.245183
0.378948 0.293053 0.270743
0.372098 0.276252 0.257944
0.073805 0.054751 0.050845
0.360876 0.266040 0.249122
0.268774 0.419852 0.154361
0.312931 0.144901 0.325246
0.595513 0.478191 0.447400
0.307026 0.254499 0.246200
0.135786 0.110540 0.109465
0.576404 0.444829 0.434034
0.111894 0.090065 0.092339
0.135519 0.105566 0.106989
0.578043 0.442473 0.432118
0.455069 0.103263 0.562177
0.085626 0.151120 0.186143
0.217667 0.150753 0.121990
0.596993 0.446089 0.441717
0.116656 0.093437 0.094475
0.256437 0.115573 0.240410
0.078571 0.143708 0.396492
0.079186 0.146421 0.269470
0.166971 0.127628 0.128161
0.590084 0.471960 0.455973
0.557109 0.147824 0.099616
0.121665 0.093198 0.092871
0.107349 0.178528 0.136049
0.605277 0.448699 0.444006
0.113208 0.092829 0.094005
0.152509 0.117519 0.116845
0.391657 0.303315 0.288758
0.210453 0.383652 0.131982
0.249839 0.114830 0.275112
0.582352 0.438658 0.418502
0.313952 0.243987 0.232103
0.549624 0.205491 0.102785
0.145691 0.115760 0.115118
0.447809 0.353068 0.336904
0.161143 0.120770 0.110591
0.562956 0.424738 0.401502
0.115818 0.089590 0.087313
0.498897 0.063089 0.092850
0.611985 0.467988 0.444245
0.268241 0.081603 0.133869
0.292078 0.096795 0.073704
0.558595 0.421451 0.398276
0.116871 0.085834 0.080682
0.043933 0.014785 0.008835
0.007471 0.014619 0.049621
0.149350 0.043496 0.035933
0.017603 0.025106 0.077121
0.007983 0.063612 0.019565
0.027169 0.040934 0.062793
0.167323 0.008016 0.014874
0.083151 0.071039 0.065444
0.022144 0.034139 0.009945
0.024725 0.011771 0.023710
0.209212 0.106746 0.003928
0.047430 0.039036 0.035923
0.055512 0.047300 0.080783
0.074784 0.098539 0.017947
0.132953 0.014324 0.051398
0.024248 0.021228 0.020030
0.024805 0.103675 0.085250
0.011026 0.008978 0.008999
0.198149 0.160646 0.145831
0.009017 0.007356 0.007354
0.045768 0.036499 0.034919
0.008877 0.007327 0.007288
0.010817 0.008667 0.008757
0.065510 0.005155 0.019992
0.117327 0.039179 0.075462
0.035349 0.008289 0.036824
0.008827 0.068432 0.101211
0.008414 0.011538 0.012822
0.017613 0.012107 0.009904
0.009313 0.007474 0.007534
0.035844 0.025306 0.067964
0.007186 0.011090 0.024519
0.022026 0.065462 0.108161
0.007570 0.011186 0.017750
0.038957 0.060821 0.105723
0.017359 0.069923 0.038301
0.012819 0.010661 0.010136
0.127746 0.118985 0.127893
0.204894 0.100060 0.106781
0.082149 0.133525 0.115358
0.206129 0.097705 0.091163
0.122596 0.120741 0.060753
0.164651 0.030733 0.015417
0.147525 0.039674 0.034611
0.191792 0.146561 0.134224
0.007574 0.012763 0.044327
0.009376 0.007536 0.007590
0.197141 0.062016 0.046356
0.207067 0.045904 0.038854
0.011076 0.013329 0.010587
0.009143 0.007471 0.007445
0.146061 0.042631 0.033854
0.014937 0.023240 0.073763
0.130216 0.105898 0.099923
0.020351 0.016240 0.015387
0.122171 0.048838 0.026376
0.115249 0.052991 0.035665
0.006396 0.071049 0.050100
0.012092 0.009742 0.009756
0.025252 0.036900 0.062578
0.153854 0.005056 0.010433
0.084090 0.066499 0.062863
0.062622 0.022709 0.008711
0.117131 0.051011 0.035119
0.021867 0.077608 0.019805
0.017593 0.031129 0.008087
0.020048 0.009752 0.019561
0.065955 0.053566 0.050411
0.138830 0.052778 0.039187
0.137035 0.043000 0.034169
0.009215 0.007410 0.007463
0.048814 0.040891 0.073864
0.066362 0.090358 0.012733
0.122922 0.010245 0.043792
0.043815 0.016458 0.005694
0.005636 0.076439 0.020838
0.010166 0.008189 0.008054
0.203639 0.168392 0.151975
0.023674 0.098543 0.082875
0.011485 0.009409 0.009398
0.152033 0.033887 0.024381
0.156868 0.038946 0.024540
0.115961 0.042558 0.006108
0.190419 0.146586 0.133533
0.205294 0.104899 0.075773
0.115424 0.147901 0.113882
0.162392 0.111080 0.120168
0.097105 0.124714 0.129000
0.095898 0.075610 0.070759
0.012226 0.010336 0.008704
0.051115 0.067656 0.008477
0.008909 0.007152 0.007216
0.035834 0.006165 0.007108
0.164501 0.029872 0.040806
0.185053 0.030800 0.029861
0.087782 0.057080 0.004306
0.041837 0.101010 0.008800
0.009345 0.007438 0.007530
0.020382 0.007502 0.009593
0.021446 0.008703 0.005870
0.044820 0.034518 0.032663
0.009224 0.007342 0.007407
0.047003 0.036594 0.033962
0.008808 0.007169 0.006749
0.009094 0.007296 0.007275
0.056268 0.018959 0.011013
0.008762 0.018705 0.068194
0.022265 0.031980 0.097019
0.010184 0.079975 0.026023
0.168134 0.140469 0.129286
0.034170 0.051900 0.078556
0.211659 0.010297 0.020694
0.105270 0.089057 0.081872
0.028167 0.042927 0.012745
0.032079 0.014338 0.030871
0.265476 0.135518 0.008384
0.059803 0.049600 0.046131
0.068636 0.058977 0.100082
0.093190 0.122894 0.024332
0.170743 0.018410 0.065904
0.030595 0.026765 0.024957
0.030971 0.129900 0.105889
0.013466 0.011404 0.010856
0.248074 0.201777 0.184181
0.011341 0.009255 0.009335
0.011265 0.009171 0.009257
0.013595 0.011017 0.010865
0.232139 0.178367 0.166896
0.082402 0.005961 0.026098
0.148783 0.049651 0.094234
0.046216 0.009541 0.049857
0.004595 0.058293 0.139391
0.010944 0.086056 0.125875
0.009912 0.014670 0.017321
0.022284 0.015136 0.012107
0.059899 0.046501 0.045065
0.011731 0.009497 0.009545
0.026030 0.011846 0.022481
0.045487 0.031816 0.084077
0.008820 0.013958 0.032210
0.027427 0.082429 0.134149
0.009731 0.014059 0.023743
0.048504 0.076103 0.131453
0.022213 0.087253 0.048518
0.016792 0.013255 0.012604
0.162692 0.150725 0.163942
0.258820 0.125996 0.135146
0.102443 0.168711 0.149058
0.258604 0.122909 0.115509
0.155651 0.153456 0.077951
0.207605 0.038377 0.020914
0.055681 0.014605 0.007483
0.009909 0.016079 0.061296
0.252280 0.199972 0.184817
0.012185 0.009678 0.009534
0.262773 0.057137 0.048852
0.013345 0.016772 0.013619
0.011518 0.009391 0.009479
0.018959 0.029253 0.093320
0.004380 0.071450 0.017382
0.156288 0.060254 0.033411
0.146334 0.065520 0.044743
0.007364 0.089038 0.063108
0.015223 0.012246 0.011652
0.031549 0.046842 0.077761
0.196444 0.006390 0.014365
0.077898 0.028683 0.011240
0.148342 0.063433 0.044191
0.028071 0.096657 0.026422
0.239335 0.184422 0.170199
0.022594 0.038863 0.010669
0.025399 0.011859 0.025493
0.240732 0.112743 0.003522
0.176404 0.065671 0.050223
0.174622 0.053992 0.043394
0.011475 0.009345 0.009434
0.061938 0.051922 0.091888
0.084540 0.111938 0.018152
0.156419 0.013148 0.056426
0.109944 0.018959 0.004319
0.055546 0.021107 0.007209
0.006918 0.095556 0.027623
0.012936 0.010498 0.009619
0.257447 0.210191 0.190847
0.029374 0.123356 0.103136
0.014445 0.012030 0.011355
0.192064 0.042845 0.032186
0.199316 0.049940 0.032502
0.147226 0.053886 0.009158
0.238547 0.184057 0.169454
0.260509 0.131436 0.095792
0.144836 0.186026 0.142346
0.202312 0.141346 0.152733
0.122322 0.158901 0.164837
0.015981 0.012396 0.011299
0.063860 0.085094 0.012670
0.011243 0.009169 0.009205
0.046355 0.006935 0.007331
0.207605 0.037159 0.051786
0.231035 0.038916 0.038130
0.110240 0.071191 0.006420
0.052312 0.126746 0.012963
0.011583 0.009479 0.009237
0.025715 0.008881 0.012401
0.093797 0.110766 0.006103
0.028342 0.010328 0.007370
0.056833 0.043420 0.039988
0.011413 0.009328 0.009246
0.011677 0.009101 0.008443
0.057324 0.044530 0.041061
0.011399 0.009227 0.009261
0.232160 0.179523 0.166318
0.069744 0.023823 0.014424
0.010380 0.023819 0.089546
0.322713 0.258107 0.234419
0.236814 0.068202 0.057743
0.028239 0.039644 0.119430
0.013025 0.099579 0.033670
0.209267 0.175917 0.165069
0.042849 0.065136 0.098562
0.268890 0.013127 0.028269
0.189380 0.004863 0.004634
0.132521 0.110689 0.101614
0.034697 0.054115 0.017157
0.040077 0.018166 0.038539
0.336862 0.172538 0.015202
0.074930 0.061904 0.057540
0.086202 0.073917 0.124812
0.116150 0.157197 0.031645
0.212568 0.023988 0.082758
0.038756 0.033582 0.031766
0.038785 0.165157 0.134716
0.310084 0.107721 0.007549
0.017320 0.014232 0.013421
0.315474 0.251642 0.229005
0.014523 0.011569 0.011517
0.013918 0.011528 0.011572
0.072263 0.057059 0.055512
0.017091 0.013796 0.013150
0.104210 0.007463 0.033619
0.187341 0.061633 0.119577
0.057985 0.011951 0.065608
0.006030 0.073043 0.191248
0.014818 0.107267 0.169030
0.012575 0.019158 0.022367
0.004374 0.110843 0.122381
0.028158 0.019310 0.014973
0.015092 0.012173 0.012137
0.032622 0.014582 0.029084
0.056985 0.039549 0.103457
0.010638 0.017968 0.043712
0.035642 0.102192 0.180531
0.011275 0.018318 0.030374
0.059486 0.095602 0.175479
0.027377 0.109010 0.061368
0.020829 0.016520 0.016101
0.203690 0.189870 0.204824
0.325407 0.159257 0.171204
0.129801 0.210252 0.186568
0.330054 0.155276 0.145739
0.196628 0.193759 0.100203
0.264066 0.048695 0.028271
0.234043 0.062995 0.054527
0.305532 0.228076 0.213165
0.070350 0.018739 0.009906
0.011381 0.020985 0.081367
0.015215 0.012111 0.011315
0.315362 0.097697 0.074807
0.337488 0.071846 0.062819
0.015657 0.022190 0.017169
0.014716 0.011860 0.011869
0.232143 0.067019 0.052452
0.024087 0.036888 0.114897
0.005125 0.089791 0.023320
0.197230 0.075852 0.042313
0.187145 0.082887 0.055834
0.011099 0.110607 0.079029
0.039285 0.058365 0.096677
0.249204 0.008286 0.020074
0.097359 0.036180 0.015522
0.189926 0.079990 0.054982
0.034389 0.120952 0.033978
0.027740 0.049996 0.013913
0.032463 0.014632 0.032832
0.306858 0.143306 0.008503
0.074768 0.058314 0.054286
0.222082 0.082687 0.063830
0.014310 0.011904 0.011942
0.076387 0.064922 0.114396
0.104319 0.142554 0.024767
0.198572 0.016514 0.071299
0.039153 0.031979 0.030703
0.175398 0.141671 0.132781
0.139441 0.024028 0.006338
0.069270 0.026645 0.010039
0.008934 0.119221 0.035659
0.016373 0.013046 0.011946
0.327238 0.261758 0.237674
0.036647 0.156838 0.129393
0.018315 0.014851 0.014012
0.238379 0.053936 0.040137
0.187885 0.067462 0.014114
0.327038 0.167489 0.122828
0.185074 0.229970 0.177773
0.251122 0.177130 0.191335
0.152257 0.199690 0.204727
0.056615 0.046200 0.043761
0.019852 0.015549 0.014455
0.079616 0.105923 0.018352
0.014560 0.011544 0.010566
0.060434 0.007857 0.009571
0.262788 0.047252 0.065823
0.294727 0.049239 0.047852
0.133807 0.156256 0.005818
0.138449 0.089403 0.010759
0.065175 0.162336 0.019231
0.014893 0.011844 0.010877
0.033052 0.010526 0.016014
0.399876 0.128995 0.004550
0.295208 0.162062 0.005751
0.117285 0.141435 0.010127
0.035925 0.012465 0.008576
0.014866 0.011781 0.010863
0.316267 0.247317 0.227263
0.074906 0.057642 0.054027
0.014539 0.011148 0.010087
0.014621 0.011542 0.010674
0.639766 0.078956 0.010098
0.022152 0.047727 0.189878
0.477836 0.135382 0.118960
0.055159 0.079313 0.264521
0.025506 0.201216 0.067287
0.419912 0.347679 0.326499
0.083884 0.127173 0.203083
0.539439 0.028812 0.059495
0.389151 0.010383 0.016258
0.261929 0.219505 0.203877
0.068408 0.105339 0.037653
0.080084 0.036647 0.080800
0.658455 0.339183 0.043046
0.151455 0.121253 0.111516
0.171500 0.146520 0.254005
0.233516 0.311045 0.066112
0.426306 0.048626 0.173415
0.076428 0.065833 0.063370
0.075906 0.326764 0.273491
0.602437 0.216483 0.029976
0.010673 0.161004 0.285785
0.033850 0.028747 0.027471
0.629283 0.498717 0.468769
0.616734 0.490161 0.460358
0.033790 0.027474 0.027017
0.146778 0.111262 0.107037
0.210169 0.015940 0.071563
0.373965 0.121732 0.244523
0.114301 0.025792 0.127623
0.016498 0.146160 0.399668
0.030972 0.214871 0.348896
0.022295 0.038513 0.046290
0.012346 0.221760 0.263410
0.056359 0.038360 0.030364
0.029377 0.023952 0.023844
0.065268 0.029674 0.059318
0.111462 0.079320 0.219165
0.019552 0.036293 0.092361
0.068961 0.203905 0.363928
0.020275 0.037124 0.065774
0.119091 0.189851 0.345689
0.053106 0.217774 0.123554
0.643345 0.513876 0.480639
0.413423 0.374621 0.418166
0.653159 0.314774 0.332144
0.258156 0.421364 0.372695
0.666939 0.304619 0.284155
0.395631 0.380802 0.198487
0.527782 0.095696 0.056367
0.473682 0.124894 0.111973
0.602930 0.457435 0.431515
0.138275 0.037353 0.022995
0.622947 0.074263 0.004598
0.023090 0.042057 0.167883
0.030288 0.023867 0.023080
0.622140 0.193880 0.150871
0.666085 0.142537 0.129153
0.028642 0.045306 0.034591
0.047660 0.072707 0.256654
0.010945 0.180813 0.048371
0.418338 0.330793 0.315165
0.398570 0.151677 0.086154
0.371977 0.164968 0.115755
0.022155 0.222392 0.163840
0.649351 0.523011 0.486948
0.077210 0.114261 0.201491
0.501757 0.017939 0.046162
0.264984 0.207288 0.196526
0.197767 0.071301 0.034569
0.375701 0.159363 0.113345
0.067076 0.241760 0.067884
0.054500 0.097188 0.031850
0.063997 0.029515 0.068108
0.595347 0.284055 0.033249
0.445031 0.164367 0.128560
0.444378 0.133298 0.112396
0.028489 0.023818 0.023521
0.153177 0.127527 0.237355
0.209970 0.282764 0.051646
0.399438 0.035443 0.146626
0.286909 0.048491 0.019197
0.138228 0.053040 0.023142
0.018151 0.242065 0.072171
0.648232 0.523761 0.486995
0.071545 0.309375 0.264115
0.560866 0.200818 0.022853
0.528066 0.419954 0.390990
0.486743 0.105143 0.082931
0.507062 0.121815 0.084543
0.380958 0.133523 0.034686
0.598179 0.457656 0.429416
0.668555 0.327022 0.237230
0.370785 0.459919 0.354331
0.507967 0.348690 0.386070
0.306407 0.392681 0.414187
0.158883 0.212878 0.038978
0.143544 0.106339 0.100611
0.120997 0.015450 0.021005
0.522891 0.092373 0.136331
0.584715 0.096456 0.098739
0.275173 0.308983 0.026897
0.285589 0.179547 0.030162
0.127404 0.322303 0.042069
0.411488 0.003958 0.050842
0.066744 0.020666 0.033271
0.567994 0.319095 0.031128
0.235297 0.279296 0.031689
0.072592 0.024612 0.016940
0.651153 0.511693 0.481808
0.028636 0.022149 0.020353
0.142992 0.108656 0.100424
0.580940 0.445735 0.419085
0.177365 0.059629 0.039536
0.027954 0.059587 0.250659
0.593058 0.170687 0.148650
0.070222 0.099279 0.339024
0.032092 0.251069 0.086925
0.533287 0.437273 0.418615
0.106187 0.162418 0.249916
0.699088 0.036408 0.076253
0.490870 0.013626 0.022660
0.332588 0.274522 0.256507
0.086056 0.132951 0.046392
0.099452 0.046502 0.099712
0.189818 0.153623 0.142085
0.213577 0.184766 0.321618
0.298105 0.393479 0.088348
0.536184 0.060638 0.222291
0.095908 0.083125 0.079936
0.096949 0.411680 0.345105
0.014450 0.203011 0.368708
0.042721 0.035988 0.034745
0.035550 0.029283 0.029419
0.042244 0.034655 0.034444
0.268036 0.020610 0.090833
0.474522 0.155558 0.307009
0.144320 0.032439 0.170185
0.022157 0.184896 0.505959
0.038625 0.268328 0.444392
0.028019 0.048729 0.058431
0.015478 0.278841 0.339058
0.069840 0.048913 0.038344
0.036994 0.030594 0.030090
0.081986 0.037357 0.074901
0.141057 0.098924 0.281568
0.025394 0.046325 0.115411
0.087487 0.254588 0.457631
0.025430 0.047305 0.082722
0.150190 0.236998 0.437246
0.066140 0.272232 0.156949
0.052514 0.041519 0.040703
0.519843 0.466893 0.522564
0.327559 0.523545 0.472499
0.495483 0.477199 0.245727
0.676160 0.120018 0.073110
0.584490 0.156489 0.140450
0.178365 0.047810 0.029698
0.029403 0.052929 0.227721
0.038176 0.030198 0.029541
0.035463 0.056910 0.043841
0.036380 0.030218 0.030108
0.578729 0.168641 0.139196
0.060317 0.091490 0.329706
0.013529 0.227449 0.062742
0.522457 0.421466 0.404845
0.492824 0.189477 0.113625
0.469249 0.205900 0.144693
0.028198 0.278571 0.207562
0.048459 0.038239 0.037355
0.097753 0.145385 0.252010
0.633446 0.023249 0.058634
0.123548 0.097626 0.092841
0.250479 0.089289 0.043422
0.476756 0.198200 0.144339
0.084471 0.304659 0.088589
0.067854 0.121569 0.039343
0.080699 0.037056 0.085712
0.549506 0.205109 0.162419
0.552206 0.168855 0.140422
0.185158 0.141122 0.132951
0.036067 0.030411 0.029456
0.191676 0.162459 0.292246
0.266206 0.358843 0.068926
0.498335 0.044997 0.194086
0.099669 0.078973 0.075624
0.444128 0.349932 0.333844
0.368460 0.060308 0.026332
0.177460 0.066256 0.031182
0.023838 0.303642 0.093144
0.041083 0.032707 0.031481
0.090852 0.392423 0.335882
0.720580 0.251350 0.032193
0.045380 0.037584 0.036516
0.671594 0.524288 0.503328
0.613911 0.133809 0.106021
0.635541 0.154436 0.107710
0.479472 0.169595 0.042846
0.470430 0.567997 0.450761
0.653146 0.442719 0.485058
0.389096 0.494278 0.519753
0.051292 0.039074 0.035663
0.200027 0.266759 0.050864
0.180413 0.135306 0.126881
0.156479 0.019795 0.027376
0.663601 0.116635 0.170856
0.350215 0.390400 0.035554
0.363267 0.225027 0.037835
0.164370 0.405351 0.055636
0.514742 0.005772 0.066013
0.084246 0.025954 0.042834
0.302213 0.354333 0.040219
0.092028 0.031148 0.022332
0.036765 0.027868 0.025674
0.280894 0.094142 0.064238
0.044416 0.094435 0.410128
0.111780 0.157429 0.512281
0.050216 0.398708 0.141022
0.168369 0.253157 0.398364
0.524391 0.438843 0.412071
0.134636 0.211096 0.075708
0.158351 0.072636 0.164082
0.300014 0.239995 0.221701
0.342683 0.287319 0.508878
0.473641 0.604250 0.139552
0.154243 0.128879 0.123768
0.154842 0.649219 0.544594
0.025517 0.318884 0.579364
0.067057 0.056798 0.055258
0.055662 0.046312 0.046674
0.067004 0.054390 0.053671
0.426013 0.033743 0.146416
0.223220 0.051702 0.287444
0.061765 0.428204 0.708303
0.043645 0.076617 0.091551
0.028213 0.444716 0.540634
0.109913 0.076110 0.060510
0.058429 0.047957 0.048410
0.128488 0.058494 0.116294
0.217406 0.157509 0.436072
0.039752 0.071935 0.197566
0.039764 0.073899 0.127066
0.234069 0.375798 0.698391
0.004893 0.315315 0.405419
0.105247 0.432186 0.245338
0.297845 0.235369 0.223755
0.284582 0.074763 0.047832
0.046719 0.083717 0.378600
0.060942 0.047833 0.047173
0.054641 0.089789 0.068592
0.304922 0.226822 0.218924
0.057053 0.047561 0.047623
0.095815 0.145051 0.504594
0.021297 0.361836 0.105169
0.130076 0.100818 0.097145
0.043635 0.445101 0.331429
0.076049 0.060192 0.059888
0.153439 0.227236 0.392426
0.536891 0.409438 0.397500
0.400643 0.142063 0.069529
0.132801 0.481488 0.141128
0.106405 0.194582 0.062645
0.125252 0.057902 0.131936
0.421550 0.327723 0.307026
0.301442 0.253679 0.468182
0.424522 0.549316 0.118691
0.715413 0.549107 0.534463
0.564743 0.096271 0.042245
0.282748 0.103741 0.047697
0.037097 0.480110 0.151953
0.064390 0.051597 0.049970
0.146749 0.610224 0.528214
0.080690 0.061944 0.056220
0.317658 0.423671 0.089750
0.285721 0.213098 0.199643
0.249703 0.031935 0.045070
0.534536 0.594293 0.068950
0.560027 0.353185 0.068575
0.261873 0.618122 0.104122
0.131896 0.041568 0.066206
0.474390 0.543126 0.076569
0.146381 0.049170 0.036079
0.296372 0.222419 0.207680
0.058368 0.043972 0.040193
0.033929 0.012079 0.007384
0.006226 0.011677 0.036347
0.117776 0.034514 0.028573
0.013841 0.019932 0.060072
0.006383 0.051116 0.014479
0.105439 0.089344 0.083263
0.021615 0.032982 0.050381
0.129602 0.006515 0.011026
0.066281 0.056882 0.052612
0.018338 0.027086 0.008319
0.037540 0.031549 0.029301
0.044097 0.037400 0.064819
0.059786 0.079542 0.012844
0.106030 0.011324 0.039772
0.019608 0.016715 0.015537
0.019738 0.083412 0.068084
0.008528 0.007177 0.007063
0.007030 0.006038 0.005887
0.007020 0.006013 0.005885
0.008401 0.007016 0.006948
0.050619 0.004874 0.015553
0.093288 0.031453 0.061247
0.027906 0.007307 0.028480
0.007181 0.054894 0.081352
0.007081 0.009410 0.010245
0.013431 0.009937 0.008138
0.007336 0.006223 0.006111
0.015861 0.008188 0.013229
0.028917 0.019908 0.053080
0.005713 0.009199 0.018732
0.017913 0.052257 0.087082
0.006502 0.008910 0.013917
0.031130 0.048628 0.084725
0.013937 0.055649 0.030314
0.010456 0.008498 0.008482
0.102380 0.095944 0.102372
0.164919 0.080298 0.085510
0.065710 0.106249 0.093087
0.166954 0.078094 0.072612
0.098715 0.096736 0.049199
0.127198 0.024339 0.010949
0.115012 0.032215 0.026937
0.033598 0.010185 0.005639
0.006896 0.010376 0.033107
0.007563 0.006099 0.006039
0.166323 0.036145 0.031281
0.008710 0.010665 0.008890
0.007024 0.006245 0.006000
0.115749 0.033988 0.026343
0.012344 0.018265 0.056450
0.103818 0.085837 0.080427
0.016352 0.013142 0.012268
0.096781 0.038454 0.020188
0.092148 0.042122 0.028258
0.005272 0.056553 0.038273
0.009618 0.007706 0.007771
0.164326 0.132975 0.120458
0.019979 0.029579 0.049577
0.120970 0.003933 0.007156
0.050280 0.017819 0.006600
0.093238 0.040436 0.027834
0.017784 0.061931 0.014866
0.015053 0.024596 0.007324
0.015809 0.008186 0.015107
0.109543 0.041854 0.031698
0.109321 0.034267 0.026832
0.007068 0.006213 0.006000
0.038932 0.033072 0.060095
0.054084 0.072429 0.008770
0.098101 0.008157 0.033845
0.088103 0.071825 0.067653
0.033957 0.013188 0.005737
0.004939 0.060758 0.015558
0.008154 0.006594 0.006617
0.019238 0.079348 0.065945
0.009424 0.007567 0.007624
0.133601 0.106124 0.098429
0.118618 0.027223 0.019025
0.122900 0.031184 0.018763
0.092871 0.034031 0.004268
0.164867 0.084588 0.059462
0.092873 0.116342 0.090893
0.127984 0.089790 0.095821
0.079239 0.100033 0.102884
0.028137 0.023468 0.021808
0.010046 0.008014 0.007844
0.040602 0.054034 0.006082
0.007079 0.005875 0.005839
0.027424 0.005667 0.005420
0.128964 0.023504 0.032658
0.146046 0.024700 0.022952
0.033840 0.081462 0.005387
0.007226 0.005944 0.005919
0.015347 0.006353 0.007910
0.016815 0.006955 0.005681
0.038427 0.030794 0.028725
0.006968 0.005740 0.005595
0.006897 0.005893 0.005777
0.147863 0.113658 0.104629
0.510892 0.062018 0.004331
0.016912 0.037717 0.138980
0.384647 0.106071 0.093343
0.044505 0.062580 0.208499
0.020091 0.159073 0.051849
0.331794 0.273824 0.256563
0.066862 0.101795 0.160180
0.432158 0.022625 0.046921
0.304811 0.008098 0.011201
0.207263 0.176038 0.161490
0.054445 0.084803 0.030101
0.063307 0.029190 0.065013
0.523602 0.266906 0.031967
0.119001 0.096868 0.089139
0.136188 0.115383 0.207518
0.187196 0.246887 0.050048
0.339330 0.038441 0.130485
0.061229 0.052785 0.050427
0.060822 0.257898 0.218258
0.486255 0.173295 0.021945
0.007778 0.125978 0.224844
0.501796 0.398452 0.368390
0.493971 0.389637 0.360766
0.022375 0.018237 0.017856
0.485618 0.375629 0.349327
0.027128 0.021657 0.021433
0.470281 0.351129 0.329336
0.168450 0.011957 0.056257
0.296115 0.097426 0.196497
0.090095 0.019994 0.103148
0.012452 0.114788 0.321360
0.024837 0.171415 0.272961
0.017579 0.030599 0.036137
0.009730 0.177469 0.207413
0.044572 0.030778 0.024166
0.023415 0.019235 0.018942
0.052173 0.023123 0.046704
0.088189 0.062545 0.172589
0.015261 0.029050 0.075207
0.055329 0.163194 0.284308
0.016019 0.029421 0.052136
0.095388 0.150361 0.274823
0.043209 0.174359 0.095893
0.032785 0.026556 0.025711
0.509137 0.410698 0.377517
0.323412 0.294426 0.325763
0.513389 0.247975 0.260879
0.203982 0.333210 0.291520
0.521339 0.241155 0.225784
0.311853 0.299319 0.158857
0.425600 0.075704 0.044856
0.374086 0.099411 0.088688
0.483220 0.362472 0.339058
0.109119 0.030109 0.017347
0.018192 0.033401 0.126687
0.502953 0.397547 0.368453
0.498834 0.153684 0.122489
0.524756 0.111946 0.102701
0.023550 0.035535 0.027780
0.374777 0.105045 0.086296
0.038003 0.057695 0.198770
0.008042 0.141284 0.038215
0.051511 0.040773 0.038591
0.312876 0.118791 0.067289
0.295071 0.129773 0.089533
0.016832 0.178091 0.123970
0.060993 0.092029 0.157534
0.403554 0.013481 0.035227
0.209562 0.164799 0.156174
0.156878 0.056538 0.026693
0.295219 0.125230 0.088611
0.053786 0.194645 0.051892
0.483024 0.362001 0.339492
0.042815 0.078040 0.024875
0.050824 0.023297 0.054855
0.484938 0.227011 0.024478
0.116565 0.091560 0.084968
0.168786 0.131057 0.123191
0.355514 0.129931 0.101949
0.353395 0.105522 0.088141
0.022632 0.018939 0.018373
0.120985 0.101519 0.188733
0.168049 0.226010 0.039242
0.314798 0.028002 0.114043
0.276369 0.220328 0.209366
0.224488 0.038117 0.013002
0.109276 0.041779 0.017385
0.013799 0.193357 0.055767
0.025817 0.020597 0.019563
0.513582 0.419807 0.383853
0.057365 0.245572 0.209476
0.454314 0.159968 0.013942
0.423638 0.330682 0.307196
0.391887 0.084122 0.064653
0.404178 0.097458 0.065445
0.301259 0.105140 0.027442
0.481657 0.360961 0.338126
0.515765 0.257491 0.191686
0.291297 0.365611 0.278299
0.404035 0.274337 0.303020
0.240800 0.309949 0.326387
0.236504 0.189297 0.176224
0.031719 0.024979 0.023028
0.123500 0.169581 0.032163
0.023252 0.017952 0.017636
0.096852 0.011871 0.016160
0.419729 0.074027 0.106653
0.471016 0.077846 0.078112
0.217793 0.244779 0.018873
0.224086 0.141012 0.023359
0.101165 0.255402 0.034026
0.053974 0.016130 0.025765
0.607292 0.205928 0.020876
0.463441 0.252819 0.022447
0.187538 0.223024 0.024395
0.058629 0.019534 0.012695
0.111769 0.084939 0.079861
0.516192 0.409976 0.380212
0.501376 0.396151 0.367096
0.481517 0.378413 0.349346
0.112519 0.087441 0.080674
