940
-0.067082 0.029681 -0.022045
-0.012116 0.012164 -0.054628
-0.010700 -0.000147 -0.042589
0.008127 -0.004869 0.015845
0.006657 -0.070778 0.001486
0.309708 0.050568 -0.061798
-0.031402 0.037004 -0.045248
-0.023344 -0.005813 0.053795
-0.148987 0.078181 -0.074264
0.004511 -0.029657 -0.005178
0.088768 -0.012051 -0.121151
0.196685 -0.043709 -0.082454
0.061401 -0.043401 0.008654
0.268859 -0.216001 0.075658
0.054655 -0.030422 0.155741
0.198615 -0.021538 -0.102558
-0.000111 -0.007536 -0.293075
0.039175 -0.001150 0.000400
-0.048300 0.012165 -0.199920
0.019070 0.011657 0.015821
-0.003191 -0.094288 0.118002
0.112866 0.270701 0.329522
0.048963 0.004094 0.017001
0.006841 -0.006323 0.004612
0.012820 -0.002023 0.177120
-0.007774 0.005681 -0.048097
0.002777 -0.040970 -0.149697
0.000723 0.019519 0.050515
0.059987 -0.031146 0.019175
-0.012016 -0.007338 0.004372
0.007343 0.015402 -0.166640
-0.005953 -0.004469 -0.014592
-0.339724 0.153526 -0.232971
-0.006687 -0.011646 0.049920
-0.004790 -0.036394 -0.014223
-0.002487 0.021154 -0.004344
-0.152694 -0.033575 -0.030086
0.008175 0.105849 0.107378
-0.587859 0.007583 -0.141123
-0.047535 -0.047040 0.017584
-0.133756 -0.012201 0.030168
0.035179 -0.000507 0.055275
0.036354 0.001033 -0.014671
0.011260 0.001295 -0.068683
-0.127452 0.033026 -0.349585
0.055080 -0.131436 -0.008376
-0.001959 0.034274 0.045180
-0.200749 0.024845 -0.116408
0.005591 -0.003832 0.051457
-0.019545 0.005309 -0.003446
0.041082 0.028459 -0.147153
0.166560 -0.049400 -0.080581
0.105699 -0.041040 0.025237
0.015886 -0.025084 0.098139
-0.032107 -0.084342 -0.001545
0.603311 0.008444 0.289726
-0.012469 0.002674 0.035777
-0.046869 -0.001708 -0.010759
0.037514 -0.097518 -0.156793
-0.208472 -0.049461 -0.002134
0.391931 -0.145352 0.178160
-0.038375 0.139893 0.261326
-0.123414 0.012522 0.065895
-0.555607 0.097723 -0.167767
0.032031 -0.019540 0.015360
-0.003796 -0.010111 0.100092
-0.237048 0.056015 0.398495
-0.012163 0.067057 -0.092900
0.032877 -0.000078 -0.127809
-0.360386 0.061282 -0.024472
0.001794 -0.004008 0.095663
0.172498 -0.037744 0.000521
0.377236 -0.077548 -0.156299
0.018664 -0.022381 -0.216643
0.006477 -0.022321 -0.000977
0.031903 0.006969 -0.005942
-0.112287 0.030097 0.171691
-0.051895 0.240058 0.270186
-0.050976 0.014011 0.026766
0.008321 -0.010030 0.214947
0.008345 0.001863 -0.048822
0.161826 0.068287 -0.007272
0.658907 -0.239989 -0.482114
0.099900 0.002017 0.007084
0.072781 -0.084258 -0.249917
-0.010279 -0.007637 0.055286
0.106264 0.187145 -0.186415
0.154954 -0.134055 -0.185802
0.076823 -0.022222 -0.033536
0.000475 -0.070547 0.013680
0.013392 0.010492 -0.025929
0.031047 0.015448 0.161038
-0.174148 -0.161891 0.259556
0.054808 -0.123662 0.130014
0.053449 0.018614 -0.005094
0.044070 -0.087662 -0.127727
0.107073 -0.085005 -0.079948
0.003703 0.029914 -0.053494
0.145326 0.040374 0.065491
0.008683 -0.017451 -0.201718
0.026838 0.003709 0.027036
-0.520620 0.152430 0.214367
-0.043403 0.007139 0.043229
-0.043130 0.009091 -0.013380
-0.059454 -0.119636 0.001966
-0.032671 0.093011 0.052187
-0.082715 0.029381 -0.025345
-0.042127 -0.010473 0.121584
0.129664 -0.057792 0.050684
0.003101 0.012084 0.088059
-0.014182 -0.020428 -0.055718
-0.000475 0.052841 0.062809
0.014212 0.018474 0.024262
-0.054006 0.018651 0.001114
-0.000903 -0.035410 0.010234
0.023736 0.012487 0.002406
-0.059101 0.023165 0.013782
0.001681 0.063354 -0.092196
-0.024003 -0.032719 -0.041028
-0.016301 -0.018081 -0.030633
0.009372 0.011577 -0.019355
-0.002150 -0.118527 -0.256710
-0.008140 -0.012327 0.017014
-0.030459 0.052673 0.007708
0.063854 0.045821 0.133539
-0.011061 -0.116533 0.001549
-0.024064 -0.008403 -0.133720
0.137637 -0.153707 0.216833
0.106825 0.065672 -0.013595
0.013287 -0.014380 0.030466
-0.037309 0.013078 0.010579
0.046516 -0.018643 0.095014
-0.006501 0.011853 -0.025467
0.038821 -0.019724 0.052202
-0.106996 0.064615 -0.063341
-0.198550 0.275274 0.100054
-0.002930 -0.018813 -0.066708
0.012902 0.015322 0.044606
-0.001241 0.009188 -0.045169
0.004013 0.055412 -0.052754
-0.008861 -0.026590 -0.027196
-0.006052 0.000574 0.032607
0.220365 -0.032060 -0.015766
0.068197 -0.031865 0.094711
0.033822 0.003611 -0.000396
0.016722 -0.027125 -0.012301
0.017406 0.006906 -0.026621
0.031892 0.020760 0.055572
-0.023448 -0.023235 0.019527
-0.121108 0.114032 0.066790
0.171986 0.020197 0.009924
0.095122 0.016728 0.128714
0.022782 -0.036989 -0.020230
0.011018 -0.007665 0.033058
0.029893 -0.020900 0.012155
-0.121498 0.032543 0.025931
-0.060574 -0.069933 -0.048954
0.003754 -0.051186 -0.089187
0.024236 -0.011916 -0.051754
-0.005405 0.027747 -0.092529
0.144437 -0.074412 0.087173
0.006809 -0.019862 -0.049289
0.042619 -0.014444 0.000133
0.008992 0.012597 -0.016095
-0.069729 -0.033516 -0.237952
-0.048127 0.014029 -0.052463
0.008477 -0.004057 -0.002515
-0.023161 -0.018193 0.043925
-0.020019 -0.003632 -0.001931
-0.050037 0.003175 0.000746
-0.002627 -0.013534 -0.013809
0.071864 -0.036142 0.062279
-0.023730 -0.005798 -0.062922
0.047742 0.003287 -0.016817
0.049752 -0.002952 0.061152
0.068880 -0.009650 0.010487
-0.129964 0.070885 -0.101435
-0.043989 0.049845 -0.015196
0.009516 -0.009657 0.000874
0.007634 0.004194 -0.004884
-0.025708 0.010480 0.047975
-0.000944 -0.011546 0.000919
-0.061284 0.008962 -0.001676
0.002434 -0.063320 0.024138
-0.008871 -0.002328 -0.047084
0.050635 0.005579 0.004877
-0.042363 -0.034568 -0.000173
0.093813 0.036435 0.006592
-0.006066 0.007014 0.030850
-0.220903 -0.029465 0.128663
0.013080 0.003166 0.010561
-0.013206 -0.012849 -0.045029
-0.127639 0.016786 0.073689
-0.035496 0.057042 0.041632
-0.053418 0.074495 0.072857
0.041619 -0.266335 0.391590
-0.053660 0.037901 0.042185
-0.035637 0.251233 -0.134093
0.082557 -0.029951 -0.099613
0.033939 -0.039606 0.068153
-0.003335 -0.011497 -0.022267
-0.005988 -0.014515 0.007934
0.014329 0.018664 0.034396
0.129482 0.080775 -0.087042
-0.053732 -0.011250 0.044607
0.025252 -0.022930 0.030575
-0.190005 -0.003075 0.015923
0.065797 0.040728 0.026757
-0.035166 0.011494 0.002887
0.093359 -0.135657 0.080565
0.087673 -0.030082 -0.047199
-0.043444 -0.010693 0.013280
0.028323 -0.006906 0.016025
-0.013178 -0.033144 -0.019230
-0.019793 -0.008149 -0.040236
-0.037895 -0.047461 0.020634
0.008095 0.012587 0.013620
0.054278 0.010821 -0.001925
-0.074261 0.001749 0.068859
0.006500 0.000174 0.035962
0.010330 -0.001005 -0.043289
-0.022492 0.000038 0.002682
-0.029783 0.041495 -0.091208
-0.015984 0.012775 0.015844
0.010856 0.013864 -0.065380
-0.042425 -0.005001 -0.025953
0.011716 -0.071763 -0.093624
0.002092 0.017653 0.040312
0.173794 -0.048263 0.012745
0.122469 -0.066328 0.004324
0.145713 -0.155167 0.101130
0.060156 -0.035651 0.259588
-0.104259 0.085243 -0.018184
-0.072321 0.260563 -0.112095
0.041903 -0.001954 0.004638
0.018663 -0.018032 0.041746
-0.036854 0.023598 -0.025464
0.035157 0.001355 0.126766
-0.027439 -0.011347 0.046139
0.071001 -0.034785 -0.016093
-0.051381 0.028210 0.007055
-0.009964 0.048768 0.012986
-0.085365 0.161799 0.231685
-0.119886 0.020883 -0.050579
0.017736 -0.020273 0.020242
0.042669 0.039364 -0.070605
-0.006851 -0.027847 0.065293
-0.101104 0.053752 -0.109131
0.011706 -0.014691 0.082037
-0.004412 -0.008398 0.020062
0.210065 0.030874 0.069403
0.000826 -0.029909 0.009780
-0.064880 -0.001449 0.016659
0.016128 -0.016924 -0.075200
0.137886 -0.006622 -0.033011
-0.016171 0.002023 0.008428
-0.049506 -0.002596 -0.031976
-0.022016 0.046912 0.010916
-0.077800 0.045152 0.100743
-0.169931 0.144698 -0.051669
0.057791 0.042051 -0.200629
0.010814 0.012499 0.032496
-0.131020 0.113937 0.006301
-0.218296 -0.007758 -0.202331
0.017562 -0.002438 -0.083005
0.024725 0.012817 0.034819
0.028865 0.006984 -0.022181
-0.000828 0.033320 -0.051165
0.030906 -0.015821 -0.015455
-0.197681 -0.156204 0.158783
0.020694 -0.027639 -0.034813
-0.022168 0.002879 -0.005199
-0.018833 0.005722 0.020312
0.007085 -0.013603 0.029893
-0.011929 0.001149 -0.038081
-0.138130 0.153418 0.030528
-0.011636 0.072403 0.021351
0.013050 -0.011516 -0.018005
-0.014493 0.008848 0.040989
-0.038803 0.036040 0.008606
0.026924 -0.029287 -0.038743
0.037334 0.114898 0.039804
-0.005513 -0.017783 0.007530
-0.022975 0.018985 -0.001951
0.034349 0.008021 -0.024045
-0.023953 0.000133 0.002537
-0.004861 -0.018212 0.051893
0.029592 0.017413 -0.000590
-0.052417 -0.056961 0.042455
-0.107388 0.005606 0.051002
-0.014309 0.014846 -0.061577
0.325141 -0.210167 0.289014
0.037061 0.023686 -0.016388
-0.021275 -0.020279 -0.011805
0.019784 -0.006890 0.049913
-0.077518 -0.126787 -0.033852
-0.043100 0.016223 -0.000509
0.002120 -0.015252 0.012962
0.045748 -0.021448 0.041827
-0.001692 0.012108 0.005822
-0.041492 0.091553 -0.209357
0.010276 0.006718 0.026891
-0.079020 0.025636 -0.140955
0.057735 -0.007270 0.011517
-0.013044 0.001778 0.061240
0.019085 0.018428 -0.014487
0.003821 -0.005770 0.000781
-0.025549 0.032444 0.021213
-0.194478 -0.052815 -0.041512
0.024373 -0.003838 0.056550
0.005761 0.022766 0.061373
-0.073900 0.024466 -0.085900
0.070617 -0.072886 0.094119
0.370403 0.169983 -0.239551
-0.220798 -0.090691 0.170047
-0.009881 -0.011574 -0.058294
0.033051 -0.011773 -0.190859
0.003232 -0.202304 0.089150
-0.030687 0.013038 -0.013333
-0.001595 0.004210 -0.081552
0.069067 -0.045106 0.092320
0.083644 -0.015786 -0.021784
-0.006618 0.046768 0.049068
-0.019335 -0.005193 -0.005961
-0.108149 0.103834 -0.312521
-0.014067 0.005534 -0.049027
0.061178 0.025005 -0.035365
-0.043333 -0.001650 0.041279
-0.051525 0.046335 0.095061
0.030685 0.000459 -0.016477
-0.045678 0.012714 0.081629
-0.014122 -0.019514 -0.051477
-0.002524 0.042401 -0.060612
-0.026878 0.001403 0.061325
-0.019477 -0.022952 -0.028066
0.051566 -0.024748 0.016192
-0.080726 -0.007677 -0.034667
0.000291 0.001980 0.012893
-0.049156 0.001678 0.039855
0.003035 0.002105 -0.073384
0.028568 -0.202586 0.080842
-0.298269 -0.093050 -0.303520
0.240864 -0.030089 0.114106
-0.150582 0.124073 -0.229915
-0.089649 -0.090613 0.008375
0.035530 0.004943 -0.027016
-0.000318 -0.002299 0.066547
0.008923 0.030913 -0.081677
0.041019 0.003292 -0.070604
-0.037556 0.017331 -0.074685
0.039958 -0.065254 -0.029538
0.051759 0.011373 0.073127
-0.136309 0.041972 0.142410
0.096725 0.187025 -0.013870
-0.086837 0.066117 -0.008316
0.019354 0.018345 0.031113
-0.048582 -0.006636 -0.196058
-0.012074 -0.000021 0.043750
-0.026785 -0.017323 -0.029144
0.038852 -0.012475 -0.011425
-0.013212 0.016443 0.033426
0.059055 0.072845 0.037030
0.034892 -0.053888 -0.020111
0.047242 -0.008401 -0.025223
-0.008574 0.022172 -0.083196
-0.062366 0.013515 0.033682
-0.003513 -0.024498 -0.015592
-0.069724 -0.020700 -0.044783
-0.232038 0.077744 -0.022606
0.055608 0.044789 -0.059477
-0.060563 0.022865 0.015585
-0.001565 0.001541 0.021262
0.027231 -0.042147 0.048223
0.019151 -0.018873 -0.000535
-0.062553 -0.000075 0.022127
-0.085923 0.032854 -0.044734
-0.342905 0.037344 0.037318
0.153062 -0.049895 0.067493
-0.037445 0.010205 -0.027969
-0.004219 -0.022901 0.018830
0.039289 0.016791 0.013261
-0.064282 -0.022716 0.002975
-0.002959 0.033019 -0.015068
0.039177 0.029575 0.048068
-0.003900 -0.001813 0.024146
0.032386 0.000585 -0.002354
-0.007173 0.004132 0.012499
0.021585 0.009545 -0.037338
-0.009929 -0.060917 -0.018707
-0.034493 0.021096 -0.076119
-0.043252 0.032160 0.013721
0.132269 -0.016653 0.212229
-0.034193 -0.007950 -0.014229
0.323720 0.175449 -0.695494
0.014363 0.006035 -0.020568
0.024202 0.011573 -0.047098
-0.066542 0.023420 0.009405
0.012965 -0.012168 -0.051575
0.034588 0.014738 0.003201
-0.035560 0.016040 0.014073
0.066488 -0.040501 -0.003291
-0.017855 0.046467 -0.006848
0.014663 -0.000274 0.398968
-0.086181 -0.004655 -0.061739
-0.014737 0.004030 0.039163
0.075197 0.006335 0.149283
0.168683 -0.009610 -0.012460
0.010780 -0.001170 0.018148
0.060855 -0.017959 -0.034578
-0.074218 0.051281 0.031271
0.078814 0.043087 0.020271
0.022858 -0.017678 0.018277
-0.022241 0.028246 -0.180888
-0.025417 0.077077 -0.215225
0.006299 -0.005856 -0.033388
0.535959 -0.018948 0.239457
0.010173 0.014128 -0.056106
-0.089057 -0.009509 0.047612
0.083540 -0.005844 -0.012110
0.036214 -0.017929 0.029940
0.036044 0.003292 -0.014507
-0.003728 -0.032326 -0.047591
-0.405813 0.129350 0.160106
0.003822 0.022455 -0.006187
-0.086596 0.019327 0.026047
0.071129 -0.037747 0.029064
-0.023325 -0.013196 0.024214
-0.008230 -0.024865 -0.011491
-0.067487 -0.074295 0.086108
-0.002549 0.282568 -0.167042
-0.097506 -0.032296 -0.132660
-0.048459 0.024653 -0.063230
-0.189789 0.014919 -0.009922
0.040929 -0.004891 -0.029531
-0.033895 -0.015833 -0.124522
0.140392 -0.044285 0.011221
0.002115 -0.025181 0.073679
-0.018666 0.010398 -0.020157
0.238788 -0.072420 -0.023567
0.008934 0.024819 -0.026323
-0.052061 -0.015937 0.031573
-0.056522 0.004412 0.045336
0.116004 0.023573 -0.000347
0.004339 0.024172 0.010329
-0.050969 0.012634 -0.074833
-0.025887 -0.013372 -0.016020
-0.140599 0.012873 0.103736
-0.023744 0.003997 0.060085
0.022201 -0.020850 0.016128
0.040484 -0.000505 -0.052322
-0.020475 -0.048813 -0.113282
-0.017064 -0.007050 0.032935
-0.022013 -0.000573 0.063206
0.026767 -0.018857 0.091487
-0.131149 0.001647 -0.019810
-0.152716 0.180959 -0.036488
0.359571 -0.139017 -0.042905
0.231277 -0.044303 0.053949
-0.114231 0.156038 0.107550
0.052423 0.007060 -0.062084
-0.019988 0.013158 0.058114
0.011801 -0.013815 0.048207
-0.003371 -0.002364 0.046784
-0.028470 0.016767 0.040530
0.031969 0.013676 0.037019
-0.002291 0.005491 -0.005174
-0.050568 0.016025 -0.019178
-0.091716 0.102845 0.308405
-0.083356 0.022928 0.122422
0.011004 -0.025530 0.059450
0.024151 0.042460 0.086204
0.023148 0.005708 0.022306
0.005764 -0.008311 0.081467
-0.004743 -0.014085 -0.033151
0.001711 0.003728 -0.002956
0.011468 -0.231879 -0.000766
-0.017963 -0.048607 -0.073377
0.069696 -0.024513 0.065510
0.030980 -0.056070 -0.083554
-0.016835 0.027370 -0.005374
-0.013658 -0.012161 -0.019309
-0.078959 -0.003887 0.042910
-0.111898 0.031545 0.032596
-0.072025 -0.003873 0.032256
0.080791 0.030408 -0.029683
-0.071455 -0.016707 0.018553
-0.001971 -0.001526 0.047703
0.148915 -0.138306 0.016372
0.003720 -0.000102 0.031072
-0.031694 -0.010345 0.000675
-0.072867 -0.007345 -0.000901
0.000764 0.009923 -0.111582
0.005998 -0.029219 -0.029839
-0.268017 0.141605 -0.039345
-0.074303 -0.014323 0.017234
0.133757 -0.036823 -0.087733
-0.005147 0.007213 -0.032479
0.637665 -0.322636 0.009909
-0.017608 0.016732 0.011391
0.060823 -0.013486 0.000000
0.071846 -0.087912 -0.092584
0.031419 -0.001772 -0.075692
-0.074309 0.018187 0.051092
-0.009581 0.031643 0.013803
-0.005395 -0.014995 -0.010568
-0.061031 -0.008301 0.179977
-0.037867 0.023781 0.028341
0.017677 -0.013907 0.053887
0.019098 0.010490 -0.043722
0.044632 0.028778 -0.223468
-0.006377 0.016666 0.000395
-0.019027 0.032698 0.026035
-0.056656 -0.002294 0.014098
-0.014763 -0.015815 -0.006454
-0.026736 -0.026545 -0.016416
-0.015546 -0.032651 0.012821
-0.390999 0.052361 -0.009103
0.026969 0.011791 0.040667
-0.010197 -0.019216 -0.031567
0.362363 -0.059477 0.488034
0.128202 0.009672 -0.009761
-0.095548 0.024372 -0.020485
0.086147 0.004307 -0.047695
0.047123 -0.174995 -0.081530
-0.092990 0.003599 0.012942
-0.049903 0.001354 0.051391
0.079639 0.046689 -0.013452
0.001628 0.035312 0.018246
-0.001865 -0.019727 0.040428
-0.111786 0.234743 -0.009960
-0.028683 0.011921 -0.021745
-0.057381 0.004604 0.089480
0.054018 0.006070 0.001974
-0.054677 0.005628 -0.077440
-0.023484 -0.017653 -0.020755
0.044814 -0.026482 0.006246
0.107064 0.022350 -0.035729
-0.002573 -0.008040 -0.008682
0.177211 -0.027573 -0.074026
0.084975 0.019416 -0.011725
0.053002 -0.001051 -0.020833
-0.060938 0.364766 0.024967
0.099989 -0.005792 -0.074447
-0.010274 -0.214594 -0.019965
0.187068 0.192314 -0.084321
0.058607 0.021004 0.100426
-0.026775 0.003261 -0.078615
0.066757 -0.026386 0.027359
0.003337 0.009763 0.125809
0.000029 0.030513 -0.005896
-0.394292 0.191814 -0.214341
0.001433 -0.016774 0.098181
-0.182916 -0.012151 0.000773
-0.172099 0.023237 0.025113
-0.117845 0.134265 -0.338108
-0.018328 0.008020 0.043070
0.003345 -0.009448 0.029844
0.001204 0.018547 -0.014421
0.007384 -0.006024 -0.010831
-0.026569 -0.019571 -0.030777
-0.010809 0.000578 -0.035219
0.125595 0.003784 -0.092952
-0.001294 0.034715 0.091849
0.009757 -0.024327 -0.074889
-0.075595 0.019057 0.101157
0.020417 -0.017053 -0.038868
0.270732 -0.016597 -0.057210
0.046896 0.001664 -0.048776
-0.043336 -0.018566 0.054053
-0.004653 -0.009823 -0.074763
-0.017671 -0.020334 -0.131472
-0.010188 0.042298 0.020953
0.008823 -0.048284 0.009792
-0.008443 0.020075 0.017542
0.015848 0.002627 0.068763
0.117873 0.166316 0.420163
0.031900 -0.003936 0.011206
-0.005437 0.007934 -0.063750
0.002345 -0.056950 -0.000991
0.015952 0.025247 0.090696
-0.017217 -0.029478 -0.010189
0.004178 -0.035405 -0.102340
0.005510 0.022016 0.007453
0.181289 0.067061 0.119663
0.004726 -0.000242 -0.004100
0.044864 0.003614 -0.087080
0.008969 0.005504 0.044902
-0.136702 0.023874 0.062105
-0.102983 0.130397 0.050228
-0.028639 -0.018669 0.011049
0.003455 -0.012723 -0.066569
0.173344 -0.052038 -0.083649
-0.037574 0.031930 -0.007374
-0.094044 -0.155907 -0.145194
0.197441 -0.101381 -0.081852
0.006277 0.007875 -0.027244
0.019928 0.006309 0.004428
-0.139656 0.039903 -0.136341
0.148144 -0.002443 -0.053169
0.175409 -0.061803 0.037061
-0.019127 0.011691 -0.008658
0.019851 -0.117756 0.052939
-0.004034 -0.008899 -0.039554
0.113682 0.011501 0.005391
0.001845 -0.029435 -0.012566
0.017904 0.020688 -0.019908
-0.274490 0.060657 -0.058044
-0.003373 0.027154 -0.011813
0.011384 0.006425 0.016882
-0.030059 -0.001739 0.055147
0.063800 0.005473 0.008258
-0.095829 -0.029996 0.034844
0.035395 -0.067188 -0.144284
0.012532 0.010267 0.019546
-0.031948 -0.007015 0.075668
0.043231 0.000912 0.022113
-0.096241 -0.000805 -0.039247
-0.009710 -0.002830 -0.038694
-0.121638 0.096880 0.000101
-0.004048 -0.003558 -0.052320
-0.096867 -0.013296 -0.094679
-0.009392 0.008211 0.015481
0.123779 -0.071180 -0.065217
0.010787 -0.028210 0.011740
-0.113070 0.002470 -0.071478
0.132688 -0.012238 0.129943
0.264027 0.007539 0.098452
-0.122221 -0.018566 0.001940
0.096147 0.007773 -0.021017
0.009382 0.007625 0.093945
-0.085843 0.071211 0.045232
-0.066201 -0.028720 0.070611
-0.003630 -0.011570 0.072240
-0.113926 0.070344 0.031805
0.024801 -0.008565 0.032572
-0.021912 0.033907 0.063050
0.014816 0.009319 -0.016408
0.021764 0.005122 0.030056
-0.045291 -0.036718 -0.033275
-0.023374 -0.002931 0.048985
-0.028042 -0.012278 -0.001242
0.075726 0.026752 -0.044304
0.009793 0.005854 -0.024662
0.002943 0.002998 0.052408
-0.043615 -0.034501 -0.013125
-0.044124 0.018482 -0.045575
0.095962 -0.008696 -0.008139
-0.022891 0.002362 -0.108469
-0.012221 -0.005721 0.176959
-0.001457 0.024167 0.023482
-0.020199 -0.012786 -0.029242
0.422517 -0.148031 0.119552
0.016804 0.015952 0.005142
-0.067196 -0.005580 0.006579
-0.230577 -0.078680 0.126224
-0.019001 0.020020 0.072961
-0.031735 -0.007957 0.100999
0.032880 0.059380 -0.008938
-0.006002 -0.102528 0.136660
-0.022122 0.019746 0.005726
0.075900 -0.028542 -0.023023
0.034374 -0.080279 0.041545
0.149224 -0.009221 0.219117
0.035739 -0.013142 0.023425
0.052557 -0.011413 -0.165093
-0.010713 -0.007061 -0.062662
-0.006533 -0.014682 -0.009273
-0.007078 -0.026446 0.081307
-0.042523 0.013394 -0.016358
-0.080011 0.254656 0.306310
-0.027554 0.010624 -0.058282
0.036402 -0.009051 -0.028479
-0.006198 0.001927 0.085920
-0.018683 0.020803 0.015550
0.024657 -0.000310 0.000958
0.016621 -0.026855 -0.146385
-0.006898 0.011891 0.008602
0.261654 0.062089 -0.110309
-0.018930 -0.006899 0.003074
0.004454 -0.019498 -0.210134
0.005633 -0.115437 -0.070033
-0.003487 -0.012054 0.015322
-0.144100 -0.049724 0.009944
0.152258 -0.183142 -0.108265
0.013907 -0.010593 -0.100466
0.004622 -0.064275 -0.007265
0.034362 -0.022635 0.025970
-0.011141 -0.033121 -0.006820
-0.034189 -0.168967 -0.177269
-0.019977 0.039717 0.145803
-0.397430 0.132656 -0.343715
0.075548 0.000266 0.017657
0.009037 -0.000144 -0.010520
-0.005287 -0.019172 0.017646
0.014329 0.015669 0.168315
0.324979 -0.230094 -0.047371
0.002684 -0.013438 0.009133
0.015106 0.100195 -0.025420
-0.195630 0.013043 0.073643
0.148603 0.003512 0.009688
-0.105301 -0.015040 0.062252
-0.002325 -0.011329 -0.013455
0.074521 -0.058710 -0.054012
0.010843 0.095606 0.070030
-0.100289 0.027988 0.135969
0.027366 -0.008243 0.010275
-0.082890 -0.049654 0.114652
-0.082951 -0.019471 0.001653
0.047181 0.090594 -0.043044
-0.022012 -0.026277 0.047174
-0.011346 0.047580 -0.104374
0.072701 -0.013564 0.014378
-0.029245 -0.003358 -0.010693
-0.134907 0.000588 -0.017601
-0.097977 0.052506 0.054680
-0.171882 0.047771 0.070129
0.016673 0.025408 0.052174
-0.020823 0.008759 0.180116
-0.028858 0.006223 -0.009674
0.053302 -0.032379 -0.106140
0.067512 -0.062321 0.034513
0.046213 0.022197 -0.087838
-0.012159 -0.016534 -0.044517
0.087898 0.005762 0.012169
-0.088703 0.041916 -0.083565
0.012516 -0.011096 -0.012091
-0.037899 0.047816 -0.148598
-0.016450 0.010122 0.034757
-0.007022 -0.030615 -0.020099
-0.016825 0.005853 0.042185
-0.113196 -0.045767 -0.024085
-0.022525 0.006708 -0.035767
-0.046031 -0.012888 -0.122374
0.127736 -0.125494 0.142997
-0.059336 0.012844 0.237596
0.074323 -0.071963 0.130908
0.028066 -0.041468 0.058007
-0.009797 -0.012611 -0.002228
0.075760 -0.072914 0.079204
0.030787 -0.009725 -0.012883
-0.012284 -0.053973 0.049583
-0.098550 0.119652 0.044939
-0.240454 0.135803 0.045004
-0.014683 0.006425 0.059509
0.011742 0.006485 -0.048201
0.060182 -0.077115 0.169080
-0.016666 0.002254 -0.036752
-0.068690 0.053677 -0.003519
-0.024722 0.014816 0.061970
-0.021262 0.012141 -0.029157
0.105375 -0.092657 0.087198
0.028439 -0.083889 -0.010765
0.010569 -0.009841 -0.050354
0.027761 0.005593 -0.002477
-0.066859 0.023644 -0.023270
-0.001949 -0.014242 0.020422
0.060926 -0.017228 0.013170
0.019872 -0.003584 -0.082787
-0.043981 -0.014204 0.028897
-0.049363 -0.025893 0.109823
0.062572 0.066549 0.057028
-0.093749 0.020289 -0.051647
-0.059611 0.062947 -0.104296
0.224046 -0.208847 -0.001525
-0.028929 -0.007454 0.072579
-0.019162 0.015099 -0.077621
-0.056656 -0.000617 0.003312
-0.018854 -0.087914 -0.308770
0.008229 0.027389 0.021507
0.003541 -0.039951 -0.039706
0.041976 -0.008145 0.034653
-0.053015 0.026412 -0.067197
0.031320 -0.040373 -0.056222
-0.045928 -0.017097 0.035392
-0.008286 -0.006287 0.029651
0.004636 0.006035 -0.012847
0.031627 0.045175 0.000781
-0.018644 0.019443 0.002759
-0.020541 -0.019055 -0.005712
-0.037489 -0.027719 0.023175
0.024796 0.021888 0.005848
-0.001900 -0.012750 0.000106
0.106632 -0.043381 -0.073795
0.005658 -0.010071 -0.010069
0.021294 -0.020326 -0.016611
-0.036601 -0.002927 0.035649
-0.171567 0.058125 -0.019511
0.029765 0.048944 -0.027067
-0.004128 0.040859 0.035064
-0.137107 0.051835 -0.134522
0.001727 -0.025977 0.054245
-0.008669 -0.104461 0.175982
-0.024854 -0.008947 0.050390
-0.019971 -0.005202 -0.023742
0.052914 0.012748 0.026230
-0.008388 0.007147 0.013121
0.060826 -0.034717 0.041307
0.015178 0.029747 -0.035737
-0.052669 -0.013517 0.060366
-0.109621 0.036566 -0.000103
0.029872 -0.076870 0.097066
0.059835 -0.047859 -0.134962
0.033692 0.005508 0.033789
-0.089093 -0.001075 -0.166158
0.112899 -0.069033 0.019090
0.039769 -0.017233 0.016009
-0.120812 -0.015751 -0.035610
0.015442 -0.020657 0.039070
-0.108090 0.135233 -0.154274
0.025881 -0.044965 0.105502
0.011759 0.029809 -0.168465
-0.088505 0.012403 0.002415
-0.062711 0.044081 -0.013171
0.132467 0.003986 0.030876
0.141114 -0.113844 -0.043652
-0.001997 -0.007952 0.007534
-0.008977 0.009461 0.046323
-0.225022 0.061574 -0.010916
-0.019655 0.002726 -0.056900
-0.009493 -0.010116 0.030707
0.236454 -0.088086 0.276331
-0.011416 0.012885 -0.048516
0.023368 -0.026844 0.002497
-0.051599 0.005603 0.042825
0.163476 -0.081808 0.320429
0.004050 -0.000378 -0.034952
0.103217 -0.021748 -0.264428
-0.055788 0.046460 0.025107
-0.106858 0.008108 0.029593
-0.009925 0.023449 -0.035466
-0.018374 -0.018051 0.035658
0.027690 -0.003127 0.075549
-0.057455 -0.026560 -0.066411
-0.003434 0.025731 -0.026406
0.049070 -0.018033 -0.071937
0.016102 0.031759 0.040604
-0.267696 0.227593 0.026221
-0.076770 0.011527 0.194441
0.014695 -0.089129 0.266009
-0.600847 -0.054863 0.248226
-0.045458 0.068162 0.053128
-0.119499 0.053765 0.096716
-0.015464 0.017015 -0.017076
-0.004016 -0.006954 0.002846
0.024384 0.007995 -0.091568
-0.013256 0.030484 -0.162563
-0.033351 0.003047 -0.044455
0.056362 -0.022271 0.051130
-0.001216 -0.032644 -0.021908
-0.066631 0.023434 0.070794
0.097651 0.230592 0.408305
-0.061313 0.025158 0.058840
0.009740 0.006697 -0.070164
-0.022124 -0.010685 -0.133688
-0.000791 -0.022737 0.171976
0.073923 0.012267 -0.051788
0.007168 0.014841 0.026190
-0.007263 -0.017479 -0.022034
0.012629 0.023970 0.109206
0.016023 -0.159395 0.083355
0.044424 -0.013024 -0.026429
0.078400 -0.006009 0.078958
0.022179 -0.037785 -0.033598
-0.073133 0.000566 0.002344
0.009794 0.038178 -0.015259
-0.027399 0.011798 0.010221
0.350726 -0.041296 -0.040775
-0.158455 -0.546877 0.144872
0.012283 -0.025520 0.006817
0.018332 -0.010543 0.031883
0.374544 -0.052784 0.188328
-0.054003 0.016438 -0.023496
-0.004473 0.007451 -0.025585
-0.100792 0.074570 -0.033714
-0.069269 -0.004355 0.033024
0.016771 0.012533 0.037373
0.029264 -0.006420 0.003919
-0.004554 -0.006903 -0.087941
0.044294 0.019864 0.021399
-0.276599 -0.006488 0.049642
0.006479 -0.028355 0.051198
0.012439 -0.024780 0.027135
-0.048506 -0.000645 -0.006717
-0.015192 0.014833 -0.024548
-0.009449 0.022739 -0.020533
0.276087 0.011885 -0.035605
0.006323 -0.016123 0.030956
0.236410 0.626941 -0.189484
0.007138 -0.001968 -0.036621
0.005135 -0.021762 -0.058728
-0.124099 -0.018504 -0.006462
-0.018715 0.003154 0.153430
-0.152847 -0.005274 0.037508
-0.034345 0.004688 0.018846
0.019017 -0.005292 -0.030073
0.024031 -0.087507 -0.219866
-0.012420 0.000953 0.006404
-0.049448 0.013866 0.037576
-0.000401 -0.008417 -0.030484
-0.049673 0.078188 -0.129672
0.005736 -0.000720 0.041855
-0.034731 0.010793 -0.018036
0.002162 -0.015632 0.029364
0.004682 -0.087333 -0.056393
0.227525 -0.273339 -0.013438
0.019424 -0.021720 0.054089
-0.028944 -0.006385 -0.030735
-0.196251 0.114631 0.139101
-0.026501 -0.003676 0.024407
0.017214 -0.002942 -0.002835
0.084216 0.024461 -0.109774
-0.167646 -0.042288 -0.068668
0.043267 0.041101 -0.044352
-0.045198 0.000217 0.066954
0.036873 0.091873 -0.026317
-0.013147 0.063277 -0.019878
0.331856 -0.114149 0.030202
-0.128609 0.072008 -0.163427
0.030834 0.008669 -0.033373
-0.009733 0.049835 -0.270444
-0.027991 0.030946 -0.016378
-0.028034 0.003736 0.031398
-0.061964 -0.021341 -0.006081
-0.060572 0.000992 -0.029695
0.056293 -0.004159 -0.067224
0.014585 0.002722 -0.051466
-0.028830 0.030199 -0.032000
0.121082 -0.002894 -0.082113
0.062181 0.018237 -0.047083
0.031489 0.001551 -0.086045
0.016914 -0.009127 -0.018405
-0.040565 0.044471 -0.095984
-0.236001 0.300054 -0.134016
-0.045036 -0.140961 -0.333303
0.754262 -0.029862 -0.210235
0.025412 -0.085847 0.099245
0.034683 0.014242 0.117761
1.010985 -0.005520 -0.027861
-0.019316 0.983256 -0.022418
-0.000388 0.002423 0.983768
