3702
0.044619 0.019539 0.008878
0.259946 0.051512 0.009597
0.012085 0.012324 0.058650
0.156070 0.065029 0.051316
0.026519 0.023182 0.085666
0.022954 0.071026 0.012195
0.038273 0.043160 0.068601
0.179484 0.032835 0.030999
0.098152 0.081508 0.073494
0.029468 0.012229 0.030914
0.235988 0.153939 0.007089
0.068580 0.053989 0.098298
0.098774 0.128997 0.017633
0.160650 0.031129 0.068832
0.029861 0.025328 0.023259
0.057404 0.119384 0.087089
0.218402 0.100804 0.007219
0.017471 0.051326 0.085822
0.007145 0.005246 0.004998
0.007676 0.005732 0.005375
0.008040 0.006150 0.005624
0.198445 0.161323 0.145192
0.117603 0.046355 0.087224
0.013982 0.038498 0.119834
0.024635 0.062248 0.093847
0.005423 0.010831 0.014012
0.019285 0.065235 0.065746
0.007246 0.005791 0.005385
0.019146 0.005838 0.019260
0.037615 0.022030 0.067479
0.006720 0.009032 0.031640
0.036868 0.059827 0.114661
0.005683 0.010053 0.022642
0.050736 0.056967 0.119147
0.007101 0.046276 0.048278
0.029487 0.071927 0.030225
0.009038 0.007291 0.006608
0.144528 0.129771 0.150765
0.220557 0.118286 0.120031
0.102427 0.146515 0.117519
0.219990 0.116907 0.098510
0.137255 0.140763 0.056101
0.168995 0.051095 0.026691
0.004778 0.053863 0.024698
0.050885 0.041377 0.037220
0.009830 0.008955 0.053930
0.224619 0.181233 0.161667
0.008609 0.006752 0.006200
0.007805 0.014060 0.008294
0.008436 0.006813 0.006753
0.020986 0.018929 0.077443
0.021815 0.017620 0.015854
0.133000 0.063516 0.035860
0.124905 0.066531 0.044914
0.024353 0.072283 0.043258
0.011855 0.009607 0.008418
0.032995 0.036045 0.063838
0.152904 0.024362 0.020568
0.062914 0.029847 0.007081
0.126324 0.066338 0.045482
0.041429 0.091013 0.012079
0.022351 0.008290 0.025193
0.074806 0.060807 0.054141
0.141882 0.062926 0.047411
0.011592 0.010029 0.009708
0.058820 0.044552 0.081680
0.087633 0.111829 0.009437
0.135476 0.021836 0.055436
0.027671 0.089599 0.013697
0.013508 0.011122 0.009711
0.054545 0.109343 0.082246
0.008539 0.043505 0.076590
0.157202 0.056137 0.037822
0.170837 0.061806 0.039616
0.125558 0.064482 0.011233
0.058430 0.047661 0.043278
0.247910 0.127034 0.085207
0.140805 0.177560 0.115561
0.185728 0.131197 0.145756
0.122541 0.143666 0.153361
0.012528 0.010511 0.010134
0.038176 0.007123 0.007596
0.181144 0.052564 0.056653
0.200495 0.056989 0.044920
0.337356 0.046651 0.005608
0.013708 0.011451 0.010061
0.126883 0.013691 0.024426
0.023169 0.006070 0.013193
0.118592 0.009528 0.006365
0.281792 0.026223 0.010673
0.280060 0.122138 0.004144
0.025556 0.010256 0.004714
0.009654 0.007646 0.007313
0.009769 0.007620 0.006562
0.010696 0.008808 0.008228
0.069751 0.032971 0.019234
0.477680 0.075257 0.022784
0.019668 0.020120 0.098328
0.368496 0.299645 0.273946
0.269837 0.097503 0.076660
0.042685 0.037899 0.175931
0.041965 0.126483 0.027348
0.061794 0.069488 0.122999
0.348711 0.052337 0.048757
0.216894 0.032076 0.019529
0.157535 0.131405 0.118672
0.049514 0.065387 0.014164
0.045296 0.020908 0.047081
0.366436 0.237568 0.014437
0.108710 0.084299 0.191997
0.149173 0.214047 0.028250
0.309655 0.050952 0.117206
0.082626 0.205892 0.146664
0.354714 0.154113 0.016503
0.034794 0.082500 0.171434
0.020298 0.017661 0.016616
0.010242 0.008505 0.007823
0.011145 0.009168 0.008374
0.325422 0.263413 0.236467
0.012093 0.009850 0.008301
0.312828 0.254648 0.229293
0.076069 0.061664 0.055374
0.096149 0.008715 0.037505
0.206309 0.071818 0.160458
0.055411 0.008452 0.065150
0.029122 0.060807 0.266027
0.045222 0.105523 0.193225
0.008047 0.017092 0.020824
0.037698 0.112332 0.118314
0.022684 0.015602 0.005537
0.073872 0.060112 0.053539
0.011117 0.009280 0.008888
0.029903 0.010394 0.028968
0.058433 0.037141 0.121536
0.009971 0.013892 0.046807
0.008823 0.015874 0.033867
0.080405 0.092546 0.248576
0.019013 0.073906 0.077591
0.049868 0.125832 0.050208
0.013866 0.011703 0.010316
0.229883 0.209246 0.255193
0.369251 0.180424 0.190563
0.151402 0.249049 0.194945
0.363593 0.179871 0.149796
0.212665 0.230666 0.075004
0.311801 0.076016 0.042002
0.016000 0.087514 0.041163
0.082836 0.067841 0.061139
0.065670 0.024099 0.008162
0.439002 0.069713 0.015094
0.015511 0.014753 0.084863
0.013500 0.011209 0.009824
0.360784 0.126864 0.083317
0.012353 0.022592 0.012692
0.014001 0.012169 0.011778
0.035683 0.031851 0.150771
0.230043 0.096675 0.054489
0.213089 0.102662 0.067268
0.044031 0.127760 0.071364
0.056214 0.059363 0.116912
0.314064 0.043932 0.039055
0.185291 0.017295 0.009518
0.103440 0.049951 0.021218
0.216659 0.101872 0.067844
0.063710 0.161890 0.026063
0.039843 0.057507 0.007274
0.036181 0.015159 0.039081
0.324594 0.200088 0.010697
0.121220 0.096817 0.086789
0.254981 0.109494 0.078034
0.024149 0.116712 0.011749
0.020972 0.018086 0.017271
0.096196 0.073348 0.163096
0.135152 0.189826 0.021461
0.274997 0.040836 0.094433
0.154313 0.045146 0.017649
0.073379 0.037744 0.012489
0.046140 0.163502 0.028356
0.081074 0.192563 0.139860
0.328083 0.145024 0.011886
0.022686 0.069506 0.148755
0.020016 0.017010 0.015563
0.280871 0.084188 0.056288
0.301441 0.092394 0.058650
0.216326 0.098181 0.023875
0.095514 0.077738 0.070803
0.419514 0.195848 0.119565
0.213270 0.289802 0.175228
0.304737 0.206649 0.242375
0.186453 0.239105 0.260320
0.178003 0.142637 0.129026
0.065673 0.054727 0.049206
0.021982 0.018700 0.017504
0.059819 0.015897 0.016321
0.334207 0.028588 0.013778
0.324592 0.078676 0.087113
0.359558 0.084594 0.066581
0.673024 0.068929 0.019899
0.158166 0.125088 0.013921
0.096529 0.241517 0.013058
0.022112 0.017980 0.016305
0.261241 0.030681 0.042733
0.036831 0.011623 0.021180
0.247566 0.023714 0.019398
0.451213 0.185568 0.012648
0.311530 0.226145 0.006489
0.145355 0.195027 0.008488
0.039368 0.017734 0.009732
0.015740 0.013245 0.012243
0.015341 0.012266 0.010768
0.083343 0.067256 0.059452
0.016558 0.013984 0.012497
0.115927 0.053413 0.034759
0.032845 0.032184 0.210040
0.580776 0.476100 0.440536
0.468668 0.143600 0.107340
0.069094 0.061153 0.374400
0.062180 0.223149 0.042518
0.392947 0.324172 0.305913
0.093934 0.113009 0.241417
0.428353 0.050390 0.034105
0.076606 0.107299 0.028680
0.070955 0.035224 0.074918
0.637178 0.376182 0.018671
0.175026 0.135940 0.347594
0.224287 0.340675 0.032835
0.625250 0.074292 0.209274
0.074516 0.063679 0.059455
0.111089 0.342860 0.242492
0.663308 0.236565 0.020959
0.057069 0.141864 0.333992
0.537025 0.442257 0.408225
0.016313 0.013404 0.012158
0.019462 0.015231 0.013589
0.116502 0.092316 0.082286
0.121950 0.096522 0.086250
0.180532 0.021600 0.058959
0.357384 0.106644 0.288511
0.085492 0.018475 0.113214
0.051093 0.101139 0.522214
0.068703 0.184320 0.350597
0.013922 0.026014 0.030210
0.058949 0.198174 0.220919
0.035809 0.025611 0.010733
0.118155 0.093810 0.083689
0.017903 0.014845 0.013610
0.046307 0.018100 0.043936
0.093868 0.060372 0.260921
0.016672 0.022144 0.071551
0.090309 0.170370 0.425962
0.014819 0.024535 0.048759
0.123075 0.153810 0.434090
0.038410 0.129012 0.144556
0.072365 0.219203 0.073623
0.361911 0.334798 0.399318
0.655702 0.291208 0.306721
0.227102 0.396172 0.309405
0.652066 0.288797 0.243584
0.336297 0.365880 0.099435
0.587257 0.109498 0.056760
0.427813 0.130654 0.094044
0.033426 0.159251 0.065914
0.107107 0.040263 0.020528
0.025739 0.023854 0.171522
0.022348 0.017371 0.015726
0.771567 0.187464 0.112227
0.021930 0.034825 0.021355
0.128307 0.101113 0.090098
0.022828 0.019425 0.018429
0.057594 0.051660 0.334269
0.047164 0.193640 0.024164
0.378381 0.311295 0.285066
0.380954 0.146216 0.073967
0.349740 0.155804 0.093630
0.065046 0.225402 0.113988
0.606823 0.493014 0.453846
0.668703 0.063554 0.056745
0.397221 0.033272 0.023560
0.244919 0.193508 0.177702
0.178538 0.075625 0.036856
0.357822 0.153450 0.094257
0.089235 0.279185 0.038579
0.063619 0.093795 0.020905
0.056111 0.025722 0.059910
0.575702 0.312659 0.013039
0.136356 0.107072 0.095293
0.433718 0.162326 0.107621
0.418935 0.142205 0.098708
0.041030 0.213810 0.025228
0.033427 0.028400 0.026844
0.154896 0.115647 0.303346
0.199692 0.303452 0.027413
0.527787 0.061228 0.167134
0.282668 0.067685 0.031810
0.123358 0.060027 0.027228
0.065956 0.290039 0.042208
0.619660 0.499538 0.457739
0.110315 0.320519 0.233471
0.575810 0.219633 0.015953
0.043187 0.119570 0.308027
0.032395 0.026815 0.024589
0.500752 0.404798 0.380243
0.499438 0.123054 0.077128
0.354979 0.149373 0.033943
0.552251 0.443106 0.409099
0.799140 0.315923 0.192461
0.341653 0.450976 0.294047
0.497007 0.334667 0.383803
0.291703 0.379440 0.409180
0.041178 0.033815 0.030066
0.034795 0.028941 0.027197
0.095317 0.028030 0.027745
0.778504 0.046170 0.028833
0.643990 0.113252 0.130112
0.250267 0.198282 0.021303
0.132410 0.388474 0.017343
0.149752 0.119992 0.107850
0.530162 0.048156 0.065057
0.056462 0.020837 0.032167
0.537490 0.040528 0.034513
0.530255 0.354219 0.007058
0.219285 0.308614 0.011743
0.061335 0.029497 0.019261
0.025721 0.021041 0.019387
0.136346 0.106412 0.094056
0.560777 0.457489 0.421700
0.199613 0.080037 0.053249
0.053716 0.051751 0.443972
0.108057 0.096877 0.769446
0.604908 0.509606 0.480252
0.143558 0.187154 0.412790
0.400096 0.331063 0.304012
0.113447 0.179074 0.043316
0.116988 0.056849 0.137386
0.279865 0.210817 0.576109
0.348160 0.535215 0.044804
0.118026 0.098998 0.092165
0.165634 0.546831 0.388820
0.080662 0.249876 0.582292
0.028741 0.022986 0.020938
0.031193 0.024467 0.020784
0.791899 0.650733 0.575341
0.362265 0.039464 0.097221
0.780546 0.153763 0.460343
0.148296 0.034533 0.243545
0.091816 0.315840 0.611482
0.024596 0.039970 0.046098
0.078012 0.340427 0.376586
0.056254 0.040509 0.021511
0.070555 0.031070 0.067908
0.152941 0.092973 0.463308
0.028776 0.034342 0.128326
0.025885 0.037630 0.076248
0.058690 0.227488 0.267441
0.095429 0.363859 0.102666
0.036478 0.029203 0.025840
0.567934 0.532499 0.573190
0.383919 0.592268 0.489334
0.515703 0.551227 0.206974
0.051054 0.284962 0.100672
0.191430 0.062852 0.036360
0.041406 0.038299 0.380430
0.035021 0.027899 0.024713
0.037293 0.054140 0.034772
0.036177 0.030457 0.028679
0.089784 0.082105 0.661995
0.065391 0.334002 0.036539
0.597331 0.488118 0.457129
0.680759 0.240181 0.131733
0.084764 0.374163 0.182044
0.048236 0.038525 0.033980
0.133206 0.156607 0.406375
0.300461 0.114708 0.052834
0.700945 0.236352 0.132824
0.117293 0.452379 0.046033
0.230687 0.183563 0.170987
0.092746 0.156687 0.034391
0.087033 0.042126 0.099752
0.058549 0.366326 0.037561
0.052357 0.043904 0.042004
0.249964 0.179575 0.506841
0.308038 0.479124 0.032814
0.114583 0.091534 0.083057
0.521193 0.419442 0.392954
0.209855 0.089608 0.042007
0.083713 0.477101 0.051973
0.158184 0.510578 0.371691
0.064067 0.209320 0.537867
0.786600 0.638066 0.586622
0.689164 0.226960 0.039942
0.555141 0.679903 0.504449
0.777023 0.538360 0.569409
0.483734 0.577352 0.591546
0.165895 0.136995 0.122717
0.227580 0.370551 0.029636
0.053833 0.044595 0.042215
0.170799 0.046415 0.045493
0.378532 0.523888 0.013405
0.403350 0.308187 0.024603
0.193035 0.674186 0.021907
0.055695 0.045210 0.041022
0.088144 0.035221 0.050202
0.336534 0.485682 0.017162
0.097082 0.048162 0.033862
0.216123 0.169271 0.150110
0.039361 0.030968 0.026640
0.210906 0.167608 0.147198
0.261061 0.098272 0.064021
0.067850 0.065994 0.648575
0.092094 0.483937 0.061217
0.803213 0.643156 0.596534
0.173772 0.236617 0.536673
0.495557 0.416455 0.388864
0.137141 0.229773 0.049700
0.151419 0.070243 0.192576
0.431955 0.661199 0.063464
0.234490 0.668532 0.477809
0.032969 0.026863 0.024406
0.519077 0.048259 0.126702
0.205914 0.044727 0.343250
0.032425 0.050062 0.057267
0.088031 0.435859 0.471677
0.070161 0.051484 0.028837
0.236614 0.189087 0.168850
0.090037 0.040272 0.087992
0.197401 0.117906 0.631723
0.037140 0.043074 0.188766
0.034366 0.047024 0.100331
0.067336 0.299599 0.349921
0.109441 0.467286 0.120388
0.750515 0.663152 0.722756
0.518956 0.731063 0.589655
0.654187 0.674583 0.322573
0.059051 0.367278 0.125377
0.256194 0.075860 0.044374
0.053727 0.048961 0.540474
0.047388 0.068695 0.043968
0.255035 0.201699 0.181987
0.045292 0.038343 0.036302
0.072859 0.428022 0.040846
0.749739 0.622438 0.565016
0.095650 0.487166 0.226450
0.161916 0.199930 0.534993
0.485235 0.384751 0.363815
0.390430 0.139179 0.059650
0.139297 0.601624 0.051359
0.286810 0.230182 0.214694
0.112090 0.204277 0.041646
0.113437 0.053854 0.140614
0.389270 0.308817 0.276403
0.064845 0.474623 0.041843
0.065473 0.055741 0.053133
0.313937 0.224531 0.683492
0.385548 0.595972 0.043934
0.631711 0.524161 0.487520
0.272562 0.111201 0.049944
0.094166 0.665930 0.056892
0.218673 0.628497 0.459618
0.629473 0.727119 0.736217
0.082319 0.067245 0.060110
0.282571 0.470465 0.033248
0.067839 0.056596 0.053699
0.234628 0.057424 0.056936
0.466094 0.652727 0.024255
0.513610 0.382347 0.031870
0.115384 0.045225 0.064482
0.414411 0.596645 0.028903
0.264735 0.207894 0.184071
0.442307 0.144838 0.085885
0.197276 0.366848 0.059568
0.259936 0.106759 0.345923
0.456585 0.369759 0.342417
0.234322 0.198797 0.189814
0.369650 0.067565 0.611243
0.053759 0.079455 0.095626
0.141213 0.719300 0.697862
0.111474 0.080426 0.046462
0.377343 0.296657 0.264850
0.152900 0.063704 0.166383
0.060442 0.069149 0.391723
0.056684 0.074835 0.206862
0.085182 0.497251 0.554959
0.176398 0.797393 0.220551
0.072274 0.058021 0.051413
0.072206 0.657522 0.191630
0.415729 0.332921 0.307120
0.439597 0.110490 0.060397
0.071197 0.113771 0.067784
0.409787 0.319775 0.287026
0.070922 0.060108 0.057349
0.159953 0.819979 0.380866
0.095592 0.076332 0.068848
0.757289 0.608756 0.553326
0.276257 0.221669 0.201310
0.455265 0.363639 0.342872
0.158267 0.325892 0.050668
0.191294 0.080771 0.265942
0.099476 0.084669 0.081959
0.459058 0.164416 0.063025
0.327564 0.270482 0.244436
0.443016 0.713802 0.063354
0.103322 0.085195 0.080757
0.409552 0.081302 0.081551
0.762433 0.574148 0.064750
0.109603 0.088384 0.080434
0.466187 0.369913 0.348907
0.199558 0.068750 0.102453
0.215405 0.089740 0.064502
0.447007 0.352487 0.324792
0.434800 0.335451 0.296994
0.078819 0.061160 0.053453
0.425823 0.330429 0.291226
0.023014 0.016101 0.008019
0.074378 0.051421 0.043509
0.009449 0.019385 0.076649
0.012413 0.035787 0.059363
0.080835 0.024445 0.024649
0.057034 0.012609 0.004467
0.111513 0.125270 0.007831
0.032299 0.042299 0.084869
0.046019 0.107751 0.015642
0.071727 0.023481 0.059089
0.022675 0.090875 0.077058
0.005890 0.009378 0.010607
0.095399 0.149682 0.150869
0.004340 0.005122 0.005452
0.004554 0.005274 0.006038
0.004723 0.005594 0.006080
0.089500 0.137454 0.135825
0.056953 0.036504 0.071629
0.020476 0.003885 0.039467
0.006595 0.008340 0.005170
0.009565 0.006065 0.019057
0.017947 0.017794 0.059226
0.010329 0.048815 0.092537
0.019366 0.046309 0.096906
0.005572 0.056569 0.028489
0.004642 0.006623 0.007147
0.069425 0.106555 0.134604
0.099642 0.095903 0.106880
0.100020 0.095143 0.090387
0.063256 0.120493 0.053573
0.078809 0.039446 0.018955
0.098895 0.155945 0.156241
0.004643 0.006160 0.006643
0.097417 0.068381 0.050266
0.098047 0.056858 0.044891
0.004357 0.006490 0.007360
0.072332 0.048275 0.038341
0.007304 0.016389 0.069218
0.070333 0.099533 0.098061
0.009368 0.015041 0.015087
0.061153 0.052771 0.025864
0.058881 0.054389 0.034925
0.005766 0.008275 0.008773
0.010663 0.030402 0.056820
0.072193 0.018062 0.016001
0.014949 0.023127 0.022493
0.031241 0.025202 0.004111
0.059674 0.053912 0.035512
0.010577 0.071732 0.009317
0.010625 0.007615 0.024352
0.070562 0.057002 0.043785
0.005361 0.008283 0.009071
0.027208 0.034951 0.072298
0.039436 0.091693 0.006043
0.063945 0.015931 0.049503
0.006120 0.009627 0.010187
0.020086 0.082346 0.070659
0.005786 0.008931 0.009532
0.088045 0.134004 0.135530
0.074348 0.043334 0.030426
0.079670 0.049018 0.032010
0.106246 0.107047 0.074145
0.068031 0.143380 0.112028
0.084386 0.107410 0.134258
0.060185 0.117409 0.138552
0.007206 0.011331 0.011718
0.005425 0.008081 0.008821
0.020235 0.005924 0.007851
0.082323 0.039934 0.047059
0.088177 0.044694 0.036625
0.006433 0.009819 0.010425
0.063509 0.009131 0.020178
0.011372 0.006369 0.012036
0.059952 0.007633 0.004613
0.110449 0.019123 0.004080
0.012544 0.009340 0.005591
0.004765 0.006872 0.007579
0.004872 0.006751 0.007128
0.005319 0.007635 0.008282
0.096013 0.149749 0.147791
0.028965 0.020882 0.010849
0.137602 0.055567 0.005190
0.005062 0.013576 0.068019
0.095051 0.065020 0.055279
0.013329 0.024262 0.102178
0.006613 0.071251 0.017529
0.088760 0.137464 0.141464
0.018128 0.044438 0.075582
0.104912 0.032377 0.032156
0.071664 0.017739 0.008053
0.061357 0.084657 0.082965
0.011808 0.042943 0.007365
0.017546 0.013347 0.036083
0.138779 0.160696 0.013894
0.034356 0.046872 0.045356
0.041876 0.053420 0.116071
0.091267 0.031469 0.075906
0.016460 0.026023 0.026132
0.032514 0.122429 0.102118
0.124610 0.106120 0.008159
0.006904 0.011851 0.013062
0.004892 0.005805 0.006686
0.004839 0.006489 0.007260
0.112822 0.186884 0.191203
0.004887 0.006859 0.007204
0.041308 0.004405 0.029358
0.071320 0.046517 0.093134
0.025323 0.005024 0.047278
0.008165 0.062602 0.107259
0.008000 0.010515 0.006152
0.011911 0.007374 0.022535
0.023194 0.022666 0.075737
0.017039 0.061140 0.132508
0.027711 0.058272 0.140495
0.010835 0.071863 0.036446
0.005604 0.007914 0.008427
0.084975 0.138994 0.186823
0.126289 0.124692 0.142863
0.063359 0.158068 0.143919
0.127331 0.124186 0.119215
0.077018 0.160703 0.066504
0.088265 0.057996 0.048644
0.004738 0.010331 0.060615
0.005684 0.007377 0.008064
0.124434 0.085417 0.062718
0.029989 0.040909 0.039203
0.005608 0.008435 0.009875
0.010231 0.020801 0.091158
0.012222 0.018866 0.018607
0.078496 0.067343 0.034741
0.075484 0.070175 0.045588
0.007354 0.073026 0.049269
0.007064 0.010307 0.010764
0.015960 0.038613 0.073914
0.094364 0.025771 0.023391
0.040284 0.032248 0.007907
0.018205 0.095228 0.016282
0.013811 0.010383 0.030109
0.125085 0.133803 0.008116
0.091289 0.073676 0.056361
0.089867 0.063203 0.051617
0.037052 0.045766 0.098571
0.051578 0.125631 0.014979
0.081876 0.023662 0.064209
0.076538 0.111079 0.110118
0.057880 0.028041 0.004206
0.008926 0.089688 0.018549
0.007722 0.011968 0.012175
0.031471 0.114093 0.096510
0.007278 0.011298 0.012517
0.097599 0.055692 0.040550
0.103937 0.062754 0.041937
0.077329 0.066484 0.011203
0.119069 0.198224 0.202272
0.136321 0.141737 0.095149
0.084257 0.195269 0.152274
0.106372 0.142968 0.189108
0.074061 0.157119 0.195201
0.008857 0.014326 0.014441
0.037603 0.089866 0.007525
0.027371 0.009593 0.012258
0.108929 0.052116 0.061285
0.118278 0.058035 0.048289
0.063027 0.079005 0.004771
0.039073 0.149499 0.007853
0.007861 0.012194 0.012506
0.082314 0.015552 0.027679
0.014473 0.008857 0.015771
0.077112 0.011719 0.008733
0.160209 0.132900 0.005312
0.015722 0.011601 0.007438
0.006055 0.008343 0.008805
0.122074 0.204674 0.209744
0.006330 0.009588 0.010075
0.117830 0.195678 0.198841
0.056619 0.041717 0.025932
0.310983 0.099750 0.022436
0.012025 0.025465 0.167980
0.226331 0.423749 0.436313
0.196467 0.126232 0.106334
0.032182 0.046852 0.321615
0.028873 0.167909 0.041372
0.045737 0.089922 0.205714
0.257398 0.063802 0.063470
0.033035 0.085797 0.024983
0.035396 0.027581 0.066753
0.260878 0.324329 0.019845
0.068847 0.095373 0.093903
0.082397 0.109701 0.328549
0.093433 0.316378 0.040102
0.215453 0.063256 0.193519
0.035642 0.049872 0.049791
0.061216 0.287997 0.246122
0.249166 0.213478 0.020693
0.023608 0.109015 0.289603
0.013904 0.022647 0.023165
0.207902 0.394372 0.405809
0.007425 0.010946 0.011690
0.008060 0.012177 0.012748
0.008737 0.012888 0.013019
0.077920 0.014317 0.054079
0.148945 0.090067 0.255334
0.044818 0.013292 0.094391
0.018911 0.076291 0.441364
0.032837 0.140540 0.317250
0.026223 0.149654 0.195131
0.022933 0.014663 0.039873
0.004495 0.018675 0.062755
0.045703 0.133680 0.377360
0.059798 0.123815 0.391891
0.008952 0.092996 0.118278
0.034933 0.167439 0.071732
0.222530 0.417372 0.427363
0.145064 0.298427 0.408646
0.246496 0.250047 0.303579
0.099189 0.346868 0.322320
0.244601 0.247638 0.246383
0.125250 0.340174 0.109694
0.230357 0.093066 0.052368
0.183542 0.111144 0.089964
0.006151 0.114412 0.057047
0.063230 0.084960 0.083449
0.054442 0.030879 0.013648
0.297442 0.091568 0.011911
0.009101 0.018914 0.135426
0.217814 0.409465 0.417855
0.009725 0.014080 0.014288
0.253538 0.166252 0.110859
0.271563 0.133982 0.101392
0.005300 0.028898 0.019708
0.061986 0.082543 0.079109
0.009160 0.014741 0.016216
0.195538 0.118075 0.090795
0.024995 0.038593 0.277274
0.014547 0.141976 0.021233
0.147414 0.275905 0.289055
0.151825 0.132604 0.063214
0.143051 0.139852 0.082583
0.030285 0.169841 0.102845
0.039453 0.074091 0.190596
0.230243 0.052717 0.048541
0.078037 0.063243 0.025994
0.145487 0.138398 0.082470
0.042942 0.231812 0.037153
0.023361 0.072308 0.014782
0.026708 0.019264 0.052039
0.233679 0.266359 0.016446
0.179638 0.121064 0.094886
0.012647 0.154204 0.023440
0.072914 0.088764 0.276041
0.189416 0.050028 0.149629
0.117054 0.056428 0.022588
0.057406 0.048492 0.016661
0.031711 0.222473 0.041922
0.058501 0.261991 0.225880
0.230232 0.195129 0.014462
0.010927 0.085964 0.248810
0.217999 0.118483 0.073349
0.150759 0.131604 0.030482
0.211409 0.400169 0.404102
0.255864 0.278839 0.171591
0.132033 0.402209 0.309444
0.187089 0.291573 0.389653
0.117901 0.336404 0.414625
0.018457 0.027296 0.026523
0.067694 0.091613 0.088773
0.012394 0.019452 0.020126
0.048916 0.018567 0.020418
0.254725 0.105831 0.086336
0.099605 0.318341 0.008064
0.114839 0.164897 0.022944
0.066498 0.339413 0.024025
0.015594 0.023539 0.023198
0.194455 0.035479 0.052285
0.027312 0.016149 0.026792
0.184270 0.030900 0.025305
0.415201 0.053314 0.030862
0.307614 0.257652 0.013437
0.220960 0.304826 0.009839
0.031811 0.023426 0.016553
0.066757 0.088910 0.086038
0.010949 0.015833 0.015706
0.016948 0.031768 0.256831
0.302305 0.530749 0.521444
0.251461 0.156346 0.132208
0.042420 0.059367 0.458787
0.036983 0.228122 0.050617
0.189026 0.370379 0.391169
0.057730 0.118394 0.285655
0.340673 0.077606 0.077513
0.043022 0.114698 0.033749
0.044318 0.035011 0.085294
0.324786 0.407837 0.021869
0.101658 0.142226 0.434143
0.106367 0.402316 0.043137
0.285234 0.077594 0.263103
0.045600 0.062883 0.063326
0.068563 0.374404 0.317227
0.309313 0.268456 0.021859
0.032884 0.146692 0.399582
0.276389 0.490173 0.487623
0.009200 0.013893 0.014291
0.009785 0.015396 0.015359
0.010807 0.016277 0.015711
0.100257 0.021028 0.068892
0.192473 0.114771 0.336326
0.055611 0.018746 0.132642
0.028743 0.099781 0.648867
0.041920 0.189902 0.421490
0.004102 0.027191 0.033910
0.034473 0.203016 0.265008
0.009561 0.015255 0.015945
0.028706 0.018997 0.049145
0.060759 0.057496 0.304763
0.006207 0.022801 0.078002
0.056667 0.179193 0.501929
0.004283 0.025718 0.053066
0.072845 0.164033 0.520205
0.017566 0.127768 0.170470
0.044097 0.225960 0.089777
0.176183 0.375442 0.505208
0.309365 0.316130 0.382003
0.116179 0.440179 0.404132
0.306066 0.312659 0.311905
0.148329 0.432778 0.130494
0.013770 0.157097 0.073309
0.067192 0.039340 0.019102
0.380621 0.112502 0.017988
0.012162 0.023530 0.203264
0.288176 0.507000 0.501548
0.324883 0.205628 0.133995
0.348621 0.165385 0.121703
0.007736 0.035547 0.024647
0.011676 0.018816 0.019736
0.033185 0.049023 0.403983
0.022803 0.198010 0.028693
0.180594 0.349843 0.365223
0.190824 0.168838 0.074720
0.178872 0.178899 0.100110
0.039049 0.229405 0.137407
0.017576 0.024827 0.024174
0.316787 0.538793 0.531022
0.051367 0.095843 0.275724
0.308607 0.063577 0.058835
0.201262 0.032064 0.021995
0.098076 0.079700 0.034189
0.052314 0.306087 0.045426
0.081803 0.118176 0.118416
0.032235 0.093377 0.022498
0.033569 0.024807 0.065788
0.223364 0.180759 0.125046
0.232434 0.150978 0.117849
0.020096 0.212841 0.031433
0.088630 0.114180 0.369406
0.097837 0.350847 0.035131
0.253651 0.060974 0.208667
0.043836 0.057267 0.056047
0.153315 0.069915 0.029925
0.071694 0.061037 0.024386
0.040197 0.297408 0.050885
0.321820 0.540886 0.528281
0.066924 0.340898 0.294185
0.283378 0.244318 0.015795
0.019923 0.117010 0.358063
0.245629 0.449600 0.460261
0.268197 0.129461 0.087326
0.278125 0.146086 0.086610
0.189177 0.166305 0.036330
0.320337 0.352664 0.218780
0.165772 0.506253 0.389996
0.237139 0.366835 0.481094
0.143269 0.423844 0.510478
0.023994 0.033941 0.032604
0.081895 0.269472 0.033221
0.016115 0.024085 0.024655
0.060076 0.024337 0.026291
0.348117 0.044743 0.025008
0.309756 0.118114 0.158655
0.329904 0.130224 0.104299
0.610274 0.100314 0.027586
0.115940 0.402636 0.008852
0.140124 0.212983 0.027925
0.074485 0.434151 0.027234
0.275455 0.045551 0.066261
0.034213 0.020850 0.032601
0.262972 0.040423 0.033843
0.391491 0.320532 0.016760
0.275777 0.385309 0.009333
0.103316 0.368310 0.018899
0.039909 0.029859 0.020905
0.317429 0.533485 0.528548
0.077564 0.109411 0.105026
0.113486 0.082716 0.054007
0.031682 0.049680 0.549731
0.545447 0.817089 0.803827
0.407071 0.241843 0.201638
0.053219 0.389270 0.071728
0.325436 0.565557 0.558579
0.083305 0.204604 0.496491
0.697662 0.110599 0.111573
0.415051 0.074346 0.052241
0.064053 0.199227 0.050645
0.070088 0.055919 0.167673
0.494503 0.617327 0.045097
0.150515 0.717115 0.055048
0.527010 0.112151 0.440849
0.091093 0.636524 0.490746
0.491142 0.412828 0.031995
0.052045 0.263416 0.802434
0.490698 0.751540 0.715479
0.480027 0.731886 0.695987
0.461118 0.720969 0.677534
0.103369 0.160221 0.162076
0.439309 0.694074 0.656321
0.184370 0.038173 0.122483
0.315477 0.175205 0.561688
0.085826 0.033430 0.291166
0.008908 0.040160 0.050442
0.050631 0.357050 0.457670
0.033489 0.040702 0.025459
0.043813 0.031099 0.076948
0.094443 0.091348 0.561073
0.012548 0.034612 0.148170
0.009725 0.038253 0.084184
0.034173 0.233686 0.321398
0.060659 0.384446 0.142963
0.526164 0.792453 0.778574
0.316420 0.575297 0.719765
0.482952 0.499086 0.553340
0.205132 0.688293 0.575439
0.482752 0.484730 0.475940
0.255530 0.670524 0.246626
0.518533 0.170492 0.077875
0.029247 0.288870 0.119407
0.473949 0.718763 0.683938
0.110320 0.061877 0.034908
0.761778 0.162618 0.025285
0.022964 0.036377 0.455400
0.514545 0.766992 0.753237
0.530782 0.330150 0.211034
0.638109 0.256078 0.187212
0.017320 0.054016 0.038536
0.018732 0.028550 0.029576
0.406925 0.223497 0.164929
0.037548 0.349486 0.043068
0.305648 0.537603 0.526916
0.300812 0.264686 0.097666
0.277307 0.280709 0.143586
0.054941 0.395886 0.238756
0.075844 0.162329 0.480952
0.591277 0.090042 0.082721
0.393772 0.049745 0.036756
0.079571 0.115313 0.113248
0.153688 0.125415 0.050853
0.285677 0.276946 0.144089
0.484907 0.738252 0.703838
0.050958 0.164268 0.036411
0.051969 0.039054 0.109885
0.443024 0.512448 0.030522
0.151787 0.274183 0.278681
0.354529 0.283391 0.189442
0.372477 0.232940 0.176801
0.034938 0.373275 0.046953
0.133057 0.188308 0.660064
0.130765 0.601050 0.040571
0.453769 0.088250 0.365008
0.259284 0.103943 0.044978
0.111282 0.095320 0.039736
0.053204 0.504507 0.067564
0.085149 0.570939 0.460938
0.451020 0.374088 0.023068
0.038634 0.209004 0.634341
0.029528 0.040373 0.039924
0.429995 0.667415 0.651142
0.473537 0.221633 0.118258
0.295553 0.261566 0.043427
0.503600 0.538146 0.387108
0.317668 0.756822 0.569614
0.400709 0.559623 0.666993
0.261177 0.645587 0.729060
0.107408 0.435484 0.039964
0.094816 0.039115 0.041316
0.787201 0.063796 0.038832
0.578247 0.171358 0.252619
0.623184 0.192129 0.150920
0.160649 0.737098 0.011421
0.204379 0.337888 0.033204
0.516017 0.065368 0.099461
0.053284 0.032954 0.050175
0.512295 0.058997 0.050750
0.617021 0.489910 0.030820
0.419537 0.586294 0.027025
0.138897 0.654954 0.020594
0.062174 0.047118 0.035559
0.119753 0.189787 0.195002
0.544459 0.795248 0.781596
0.512659 0.762147 0.748057
0.492474 0.745488 0.714776
0.532762 0.309509 0.260600
0.058686 0.514780 0.081764
0.436210 0.690145 0.667935
0.097353 0.268535 0.715562
0.601510 0.087680 0.061591
0.248305 0.462372 0.471113
0.075021 0.264576 0.059937
0.595820 0.759640 0.070140
0.146474 0.263273 0.272645
0.600904 0.509878 0.045896
0.023478 0.031191 0.029319
0.129512 0.218070 0.225668
0.255538 0.048804 0.173497
0.112978 0.043841 0.415558
0.013819 0.050251 0.063105
0.055804 0.474922 0.608819
0.042547 0.051312 0.033052
0.055405 0.039465 0.101950
0.018307 0.042792 0.223809
0.015219 0.047419 0.114029
0.042978 0.313288 0.421453
0.066621 0.508470 0.179313
0.629582 0.625605 0.681037
0.604407 0.617978 0.584213
0.507356 0.266167 0.212522
0.036768 0.377020 0.156281
0.140926 0.075983 0.043943
0.031143 0.045754 0.745163
0.649046 0.418760 0.284545
0.024648 0.067958 0.048691
0.024392 0.035166 0.035927
0.044025 0.452387 0.049766
0.379481 0.331690 0.117631
0.346474 0.353337 0.182790
0.059914 0.527517 0.306304
0.090278 0.213224 0.660882
0.574022 0.059629 0.044317
0.194344 0.158095 0.058675
0.359241 0.347158 0.184921
0.072834 0.776634 0.063702
0.143307 0.248947 0.259958
0.061291 0.217117 0.044469
0.064754 0.049266 0.159915
0.530602 0.625475 0.046680
0.138773 0.235396 0.236528
0.448392 0.357625 0.243100
0.485266 0.295269 0.227646
0.040780 0.495100 0.053975
0.031886 0.044023 0.045610
0.730726 0.103375 0.463604
0.338074 0.570914 0.557144
0.057786 0.765348 0.075443
0.107067 0.764039 0.548458
0.556476 0.464082 0.030767
0.631249 0.243069 0.148347
0.630923 0.285875 0.147417
0.377146 0.330307 0.047432
0.145510 0.254317 0.263273
0.624117 0.664319 0.497642
0.051100 0.066864 0.064628
0.124664 0.588298 0.043674
0.031516 0.042313 0.042449
0.254879 0.429455 0.035979
0.066438 0.041419 0.063278
0.752131 0.600898 0.047029
0.510597 0.728674 0.043526
0.078009 0.059648 0.045462
0.142616 0.243148 0.249079
0.140051 0.234133 0.235951
0.030145 0.038170 0.036057
0.226457 0.162177 0.093170
0.436030 0.686323 0.665699
0.096503 0.432671 0.076213
0.140096 0.111549 0.433554
0.126798 0.220961 0.244240
0.063925 0.087853 0.092287
0.182096 0.335296 0.348037
0.034431 0.044930 0.043536
0.185875 0.344941 0.354082
0.463443 0.070129 0.312610
0.029413 0.078332 0.106116
0.067001 0.081618 0.051887
0.182713 0.336916 0.343247
0.085918 0.062131 0.207572
0.034598 0.066631 0.464895
0.030769 0.073935 0.239291
0.054936 0.540431 0.764134
0.044027 0.745735 0.254516
0.199151 0.366814 0.382823
0.233294 0.115476 0.061520
0.041945 0.052988 0.050834
0.043943 0.114590 0.077818
0.098288 0.148829 0.150961
0.585443 0.509274 0.233924
0.542348 0.539284 0.352785
0.411687 0.635183 0.619990
0.303483 0.247299 0.073166
0.554567 0.532384 0.351992
0.213157 0.391099 0.407909
0.080756 0.362723 0.058751
0.101054 0.076564 0.320573
0.310341 0.528483 0.515856
0.691802 0.557463 0.434918
0.762136 0.472030 0.393973
0.052761 0.071570 0.074480
0.121858 0.199150 0.210130
0.642920 0.187955 0.061852
0.221280 0.193730 0.065468
0.586488 0.501704 0.076378
0.225064 0.409586 0.423210
0.503540 0.739384 0.723649
0.076225 0.108947 0.106727
0.055080 0.071800 0.074661
0.218860 0.075122 0.080970
0.396068 0.659774 0.060239
0.068003 0.092107 0.092189
0.107256 0.065122 0.109876
0.123395 0.091979 0.069470
0.211131 0.391832 0.395370
0.213174 0.386650 0.394186
0.206096 0.372384 0.376104
0.048259 0.059494 0.056601
0.203535 0.372981 0.375204
0.293060 0.204910 0.110803
0.112475 0.575653 0.087491
0.178415 0.142077 0.581639
0.297714 0.520647 0.513531
0.150272 0.285808 0.312293
0.048204 0.061275 0.058345
0.230226 0.420717 0.425420
0.243103 0.439030 0.444401
0.772892 0.084048 0.404577
0.040143 0.104564 0.154479
0.082431 0.104532 0.063994
0.234791 0.425680 0.429605
0.111089 0.079444 0.297714
0.046793 0.088111 0.751479
0.042209 0.097453 0.345401
0.267054 0.468900 0.477764
0.304544 0.147192 0.074437
0.054589 0.151948 0.100216
0.255801 0.453496 0.455611
0.055390 0.074445 0.078125
0.725196 0.640275 0.364140
0.701993 0.672157 0.476176
0.073177 0.098287 0.096565
0.396394 0.317433 0.086589
0.700807 0.672321 0.474848
0.093777 0.488101 0.068719
0.134746 0.102616 0.443666
0.273425 0.473382 0.470403
0.423397 0.657139 0.630759
0.073454 0.104547 0.114213
0.280257 0.245243 0.072749
0.720805 0.615294 0.121671
0.310087 0.520638 0.520771
0.200769 0.388417 0.398319
0.075853 0.105843 0.114009
0.294746 0.098577 0.112644
0.508791 0.824647 0.096831
0.304802 0.512001 0.511631
0.142581 0.084367 0.158862
0.156505 0.117730 0.083997
0.277578 0.484022 0.479395
0.287436 0.494621 0.492768
0.062736 0.080786 0.081509
0.061546 0.077137 0.074129
0.266044 0.469216 0.458890
0.181370 0.131297 0.079248
0.669984 0.392212 0.345371
0.063728 0.776501 0.092430
0.086244 0.336706 0.069004
0.110916 0.087669 0.335203
0.174719 0.329216 0.343631
0.104033 0.170958 0.185673
0.738350 0.614834 0.069165
0.149416 0.264413 0.271659
0.337705 0.058905 0.236806
0.150233 0.055839 0.574783
0.021009 0.062261 0.080130
0.054319 0.064356 0.042045
0.068838 0.050350 0.144647
0.026158 0.053592 0.325777
0.022474 0.059099 0.161931
0.048973 0.408901 0.552273
0.075957 0.703153 0.228530
0.814559 0.794099 0.723694
0.649055 0.340496 0.274838
0.041195 0.504435 0.203239
0.182037 0.093219 0.052513
0.799317 0.524480 0.389340
0.034266 0.086609 0.062679
0.692316 0.362816 0.280046
0.048773 0.623163 0.055317
0.081343 0.116050 0.114866
0.465491 0.418828 0.156572
0.434518 0.437893 0.255200
0.068736 0.738847 0.389432
0.313379 0.523519 0.521640
0.244666 0.197906 0.067343
0.448795 0.432321 0.252096
0.081033 0.061859 0.232577
0.648203 0.775251 0.072020
0.236453 0.430516 0.430579
0.555660 0.446897 0.328827
0.619293 0.375098 0.295433
0.044146 0.718832 0.059370
0.040110 0.054678 0.055782
0.448066 0.706397 0.669477
0.434402 0.154892 0.056573
0.176137 0.153707 0.057568
0.690238 0.565604 0.044984
0.048409 0.063415 0.063052
0.476053 0.412824 0.056504
0.376569 0.604134 0.578759
0.164410 0.060436 0.063675
0.319878 0.535442 0.044026
0.055637 0.072676 0.071713
0.174157 0.312139 0.322557
0.084361 0.052405 0.081229
0.098827 0.075212 0.056505
0.170665 0.303715 0.312902
0.166390 0.297182 0.297612
0.042280 0.055500 0.053497
0.044350 0.032748 0.019144
0.008566 0.020203 0.109891
0.150169 0.098246 0.083813
0.019592 0.120378 0.031763
0.128344 0.225463 0.239408
0.034515 0.069467 0.138844
0.188276 0.052210 0.051150
0.118523 0.030810 0.018909
0.024005 0.066437 0.017778
0.208100 0.255323 0.019300
0.067127 0.085250 0.241472
0.159535 0.051647 0.137853
0.051658 0.216118 0.184894
0.196200 0.169269 0.018325
0.014219 0.081441 0.195928
0.010986 0.018220 0.019006
0.005975 0.008624 0.009377
0.161737 0.306115 0.317935
0.158311 0.301093 0.307542
0.006932 0.010267 0.010418
0.061690 0.009398 0.043497
0.116028 0.073169 0.183795
0.036587 0.009419 0.071355
0.010819 0.059420 0.307918
0.022673 0.102713 0.221843
0.016643 0.109296 0.135005
0.006180 0.009483 0.010359
0.017759 0.011151 0.032708
0.037354 0.035388 0.137645
0.035121 0.099368 0.275806
0.048183 0.093866 0.290146
0.026488 0.123986 0.057307
0.007976 0.012313 0.012534
0.121759 0.231317 0.320667
0.195921 0.197982 0.239744
0.086714 0.269989 0.251057
0.194185 0.195815 0.194770
0.107518 0.265570 0.092227
0.171080 0.075506 0.042389
0.042561 0.023556 0.007352
0.224609 0.074762 0.005080
0.006930 0.014778 0.095659
0.007607 0.011241 0.011413
0.198122 0.131934 0.091322
0.148462 0.091578 0.072186
0.017253 0.030264 0.177627
0.006987 0.101612 0.013021
0.124613 0.213960 0.223011
0.120556 0.102837 0.051970
0.113694 0.107759 0.067610
0.021275 0.124566 0.078357
0.180513 0.342577 0.354898
0.028379 0.056499 0.124160
0.163471 0.040603 0.037099
0.102675 0.015890 0.007845
0.060975 0.049622 0.017541
0.014966 0.055815 0.007226
0.020672 0.014229 0.042529
0.139623 0.112307 0.081859
0.140004 0.094189 0.076430
0.005819 0.110168 0.016393
0.009443 0.015759 0.016823
0.057791 0.069500 0.191520
0.137676 0.038639 0.105459
0.088992 0.044339 0.014687
0.044909 0.038355 0.010374
0.024020 0.162209 0.033584
0.185619 0.351634 0.362453
0.048562 0.194927 0.167277
0.183169 0.153916 0.010592
0.004858 0.067021 0.164050
0.010488 0.016674 0.017380
0.158219 0.082839 0.059402
0.166509 0.093262 0.061091
0.118324 0.101996 0.023846
0.057171 0.074803 0.073533
0.204760 0.221971 0.138258
0.112299 0.316200 0.246428
0.155297 0.228958 0.311027
0.101586 0.264186 0.328705
0.039332 0.053463 0.051442
0.014285 0.021813 0.021067
0.054173 0.070940 0.068477
0.010329 0.016508 0.017657
0.039432 0.013771 0.016550
0.180917 0.076973 0.094685
0.195609 0.084814 0.070585
0.342367 0.069293 0.013755
0.085017 0.247616 0.005180
0.092737 0.126960 0.016831
0.057461 0.261755 0.018762
0.139705 0.026728 0.041406
0.021751 0.012227 0.021936
0.130994 0.022339 0.017852
0.301979 0.043613 0.023653
0.179007 0.243092 0.008570
0.076301 0.223243 0.012025
0.025306 0.018380 0.012258
0.052967 0.069356 0.066500
0.008550 0.012698 0.012791
0.170753 0.323034 0.329909
0.009352 0.014772 0.014559
0.012221 0.011559 0.026360
0.177835 0.050871 0.019946
0.040067 0.036575 0.022587
0.175625 0.024935 0.006824
0.141099 0.026934 0.027320
0.060686 0.094610 0.027017
0.021130 0.041994 0.031128
0.110514 0.040435 0.032552
0.015363 0.034078 0.039818
0.028657 0.051408 0.033214
0.021544 0.054474 0.020877
0.017813 0.005174 0.005690
0.038149 0.019167 0.026099
0.007592 0.008037 0.012682
0.040680 0.049780 0.038460
0.007123 0.008423 0.007594
0.052270 0.048642 0.038911
0.010169 0.038780 0.014502
0.158902 0.102554 0.046129
0.261986 0.088696 0.046404
0.114755 0.113910 0.037054
0.259092 0.088982 0.039537
0.159816 0.045061 0.015757
0.009719 0.008786 0.024842
0.250201 0.064460 0.023312
0.171553 0.047978 0.016420
0.020350 0.017980 0.030987
0.159071 0.096902 0.036108
0.136779 0.052081 0.005612
0.027264 0.059332 0.006354
0.267123 0.152514 0.050561
0.034509 0.031202 0.022717
0.099666 0.062584 0.021544
0.135111 0.053723 0.012050
0.021304 0.006938 0.008410
0.058735 0.037466 0.030257
0.119089 0.018853 0.021824
0.136153 0.083963 0.031372
0.271579 0.153330 0.050632
0.056834 0.086414 0.024523
0.012119 0.036225 0.029254
0.174869 0.043022 0.010815
0.193152 0.048324 0.012077
0.157888 0.136726 0.036096
0.131787 0.115535 0.044138
0.179654 0.042779 0.022857
0.220356 0.044797 0.016818
0.054908 0.033930 0.004650
0.016115 0.015346 0.033362
0.260031 0.064550 0.028312
0.034753 0.028167 0.042505
0.053676 0.048682 0.031146
0.036867 0.014279 0.014035
0.093111 0.059899 0.048052
0.214670 0.038145 0.038165
0.076603 0.130985 0.035805
0.030492 0.055856 0.041536
0.312192 0.177235 0.054015
0.070462 0.004689 0.010421
0.159050 0.054332 0.044328
0.045152 0.005187 0.023983
0.022953 0.044391 0.051869
0.039424 0.068723 0.044615
0.031419 0.073093 0.029930
0.050096 0.026116 0.034430
0.009389 0.010589 0.016399
0.054688 0.066664 0.051308
0.009228 0.010975 0.009879
0.016254 0.050833 0.020848
0.215800 0.136679 0.057013
0.359505 0.115574 0.056377
0.151512 0.153774 0.047024
0.360852 0.114855 0.048386
0.196799 0.151342 0.021289
0.281469 0.051635 0.010531
0.012587 0.011404 0.030800
0.354519 0.081363 0.031486
0.366734 0.069879 0.029216
0.218930 0.129518 0.045997
0.197854 0.066965 0.013355
0.185673 0.070310 0.019858
0.038690 0.080460 0.014132
0.046531 0.041112 0.030726
0.240406 0.026752 0.007305
0.189529 0.069389 0.020361
0.028556 0.009700 0.011355
0.237100 0.062567 0.025438
0.073203 0.047034 0.012410
0.078561 0.050511 0.041550
0.187899 0.111374 0.040472
0.072935 0.119889 0.033608
0.019371 0.047316 0.038134
0.262760 0.055946 0.019004
0.283298 0.061214 0.019421
0.209718 0.183036 0.043687
0.285279 0.133350 0.059314
0.176344 0.154830 0.054263
0.057477 0.037155 0.006429
0.267234 0.055646 0.031611
0.324597 0.057001 0.024090
0.171045 0.016440 0.008464
0.123446 0.040928 0.006068
0.031515 0.028732 0.057325
0.778202 0.369172 0.081494
0.065691 0.053300 0.083211
0.071672 0.157598 0.004463
0.098475 0.091185 0.059331
0.429431 0.040725 0.011981
0.066505 0.030204 0.028477
0.184682 0.109404 0.084803
0.534390 0.066079 0.066923
0.127915 0.266435 0.056913
0.152562 0.017765 0.024332
0.341605 0.092487 0.076339
0.082509 0.015202 0.042040
0.049507 0.084936 0.107626
0.072127 0.138934 0.082320
0.017305 0.020844 0.006521
0.059859 0.153317 0.056104
0.093609 0.050833 0.065229
0.018243 0.019444 0.027530
0.095593 0.131759 0.095913
0.017768 0.020315 0.017964
0.126727 0.124272 0.093893
0.039402 0.099241 0.043269
0.080791 0.160134 0.021674
0.759861 0.361414 0.078855
0.425986 0.249403 0.079498
0.377841 0.281667 0.027504
0.651791 0.084661 0.029320
0.036172 0.121420 0.016649
0.748661 0.353714 0.077556
0.592886 0.100877 0.041699
0.052929 0.044162 0.075918
0.437560 0.233174 0.061192
0.421025 0.114481 0.028844
0.385670 0.122088 0.035585
0.087785 0.078280 0.058138
0.652085 0.051556 0.026814
0.187800 0.060921 0.006441
0.153942 0.091349 0.075314
0.455014 0.053657 0.057572
0.311854 0.052642 0.006793
0.122700 0.244988 0.055113
0.043962 0.090834 0.073854
0.372434 0.115166 0.009784
0.398600 0.341722 0.056829
0.661972 0.237923 0.081099
0.331191 0.289539 0.074802
0.703302 0.035787 0.008701
0.689946 0.090230 0.051632
0.495490 0.038707 0.027601
0.052004 0.015870 0.007621
0.489642 0.031688 0.012796
0.786742 0.365272 0.080021
0.039586 0.035991 0.072831
0.082399 0.067228 0.112855
0.085490 0.207336 0.009587
0.624078 0.312996 0.072870
0.122896 0.116374 0.072261
0.592586 0.050084 0.019501
0.198804 0.116590 0.042464
0.235245 0.135371 0.103744
0.321049 0.303295 0.006521
0.149237 0.335649 0.062097
0.071794 0.143070 0.100102
0.218470 0.025315 0.031863
0.457826 0.111794 0.089063
0.105602 0.021637 0.051849
0.061226 0.110216 0.145885
0.086653 0.182161 0.103664
0.022628 0.025937 0.008323
0.071297 0.203191 0.068427
0.122293 0.063823 0.082992
0.022616 0.024166 0.033953
0.116862 0.170534 0.122105
0.159369 0.157426 0.117686
0.049975 0.131590 0.053634
0.555556 0.315905 0.092906
0.346535 0.364458 0.073239
0.484606 0.349754 0.032278
0.045065 0.161313 0.022798
0.030379 0.027045 0.065438
0.066414 0.056025 0.101077
0.589809 0.295395 0.069558
0.082530 0.222455 0.040772
0.107702 0.097017 0.071940
0.517880 0.032896 0.010910
0.251391 0.073225 0.011901
0.551352 0.142576 0.040205
0.130247 0.249334 0.005413
0.063944 0.027147 0.028413
0.198164 0.115136 0.092912
0.733562 0.063806 0.069299
0.095105 0.059208 0.020825
0.412944 0.063351 0.013670
0.091014 0.265443 0.008520
0.145472 0.307913 0.061195
0.055134 0.119648 0.094138
0.495297 0.137760 0.012031
0.492595 0.424586 0.069359
0.417341 0.363700 0.088212
0.054401 0.034285 0.004750
0.118549 0.025695 0.007542
0.064367 0.021317 0.011190
0.789868 0.040090 0.019913
0.300467 0.075897 0.025371
0.063343 0.057501 0.134424
0.130576 0.105418 0.212724
0.118204 0.340034 0.016634
0.191327 0.187405 0.105552
0.161758 0.165247 0.013702
0.143203 0.061481 0.058439
0.389233 0.207095 0.153694
0.514349 0.473961 0.013076
0.228771 0.540178 0.083597
0.101916 0.247879 0.167715
0.198723 0.038834 0.085723
0.088776 0.188751 0.267962
0.119538 0.306207 0.163731
0.036745 0.040717 0.016800
0.083654 0.034507 0.033367
0.207823 0.095911 0.139880
0.037121 0.037933 0.051652
0.168872 0.281198 0.188746
0.036720 0.039501 0.034836
0.247695 0.250940 0.183284
0.071512 0.230280 0.079728
0.135393 0.340125 0.035651
0.533057 0.556459 0.137587
0.769276 0.534680 0.061908
0.290637 0.058227 0.015582
0.048653 0.043048 0.113479
0.052608 0.054600 0.005775
0.102905 0.087673 0.195469
0.112091 0.362816 0.052038
0.171310 0.156128 0.110468
0.621325 0.288826 0.068860
0.421914 0.108202 0.023432
0.186401 0.396097 0.006710
0.129512 0.141932 0.005718
0.322449 0.175640 0.138567
0.156635 0.090824 0.035287
0.295938 0.086554 0.015684
0.121249 0.428901 0.011401
0.213946 0.497017 0.078643
0.078715 0.206574 0.162025
0.750103 0.636186 0.170274
0.639985 0.553058 0.193596
0.085675 0.054631 0.017172
0.063150 0.039313 0.010397
0.230914 0.043391 0.020971
0.072941 0.046250 0.012845
0.104308 0.036442 0.023127
0.300131 0.161718 0.052556
0.419081 0.095658 0.032729
0.083301 0.076692 0.208659
0.173192 0.141012 0.302271
0.141418 0.463377 0.016781
0.253055 0.248205 0.132442
0.210271 0.220981 0.017294
0.198446 0.078237 0.074882
0.551143 0.275678 0.207682
0.664594 0.618220 0.027627
0.321697 0.695877 0.131222
0.123101 0.333499 0.224881
0.353335 0.190862 0.056768
0.295880 0.051448 0.120195
0.109253 0.260659 0.370111
0.146706 0.409019 0.215941
0.048662 0.053757 0.025337
0.113938 0.462979 0.116517
0.095542 0.055241 0.005725
0.352078 0.191843 0.056097
0.116205 0.046748 0.045535
0.281589 0.126080 0.195982
0.049314 0.050276 0.069836
0.215887 0.373435 0.251273
0.049116 0.052209 0.046218
0.324689 0.333915 0.244423
0.085723 0.317583 0.099483
0.165335 0.461998 0.038399
0.694790 0.713855 0.265154
0.076497 0.384668 0.042514
0.413848 0.073241 0.023074
0.064168 0.057327 0.181484
0.068420 0.072522 0.014493
0.386314 0.203530 0.057308
0.137466 0.118947 0.285330
0.133684 0.499615 0.057814
0.224152 0.209837 0.140728
0.601420 0.136353 0.030123
0.241501 0.538835 0.008909
0.166454 0.192046 0.010651
0.145215 0.059039 0.060731
0.091627 0.460488 0.004771
0.448388 0.229749 0.183103
0.596396 0.548941 0.013177
0.146576 0.622576 0.012060
0.301780 0.642218 0.114634
0.094673 0.285541 0.224813
0.116072 0.072192 0.026197
0.447913 0.429119 0.006214
0.081964 0.052215 0.017822
0.338959 0.055055 0.028885
0.146832 0.049251 0.033396
0.419537 0.218053 0.058667
0.122662 0.116210 0.355904
0.259436 0.207658 0.464614
0.206951 0.788693 0.024608
0.376839 0.372111 0.199833
0.309767 0.329255 0.018888
0.316226 0.112056 0.108486
0.754137 0.358159 0.079177
0.174538 0.497336 0.341499
0.591301 0.282187 0.067844
0.515969 0.070864 0.203967
0.147243 0.395017 0.548661
0.234338 0.601063 0.347863
0.072988 0.081161 0.039968
0.171348 0.733383 0.193142
0.149715 0.080030 0.017375
0.187276 0.067918 0.065896
0.459946 0.177959 0.295584
0.074024 0.075731 0.116869
0.340474 0.538470 0.398936
0.073143 0.078766 0.070631
0.478493 0.488614 0.391554
0.106989 0.494034 0.135228
0.257954 0.711685 0.054649
0.092653 0.648400 0.048679
0.764553 0.100283 0.035047
0.095503 0.086027 0.331607
0.098602 0.110085 0.026296
0.654954 0.306524 0.070501
0.205084 0.179050 0.449109
0.134368 0.718353 0.004895
0.205780 0.816769 0.084835
0.334798 0.315894 0.210453
0.369637 0.819881 0.030162
0.770928 0.347725 0.078409
0.710264 0.320644 0.072792
0.726353 0.353819 0.290030
0.813517 0.809923 0.042076
0.722427 0.154157 0.030514
0.124184 0.436106 0.338055
0.798469 0.359949 0.080465
0.496067 0.258113 0.063481
0.643857 0.629461 0.023018
0.132043 0.079087 0.032223
0.626700 0.076496 0.042298
0.150238 0.088857 0.034546
0.798239 0.351717 0.079232
0.247666 0.070137 0.049107
0.330780 0.083495 0.032638
0.756447 0.334710 0.075904
0.712821 0.319853 0.072390
0.162606 0.157651 0.492602
0.347387 0.282171 0.623743
0.493282 0.488342 0.305556
0.410030 0.432728 0.025883
0.449717 0.142676 0.139064
0.264077 0.644454 0.452415
0.206360 0.522589 0.702496
0.353939 0.764315 0.474782
0.093921 0.109710 0.051637
0.207208 0.104617 0.025213
0.267768 0.086815 0.085499
0.715678 0.242075 0.393611
0.095707 0.100492 0.172309
0.485784 0.694904 0.527067
0.094869 0.105737 0.093876
0.658862 0.649641 0.520329
0.141456 0.689877 0.195074
0.128084 0.117284 0.467865
0.130007 0.150262 0.034968
0.272399 0.237345 0.642692
0.441463 0.417359 0.296452
0.319412 0.380704 0.015078
0.325094 0.107903 0.116745
0.174170 0.103236 0.041722
0.166834 0.580045 0.442248
0.707681 0.351169 0.077219
0.243959 0.138581 0.048032
0.804792 0.819668 0.045973
0.174920 0.100293 0.040667
0.206816 0.119359 0.044233
0.346241 0.088648 0.061443
0.470683 0.106355 0.039890
0.584089 0.115667 0.038250
0.219059 0.177770 0.390122
0.170115 0.618180 0.019377
0.316866 0.314130 0.163077
0.262773 0.276709 0.018749
0.261754 0.095873 0.092306
0.723107 0.353558 0.274684
0.799157 0.763132 0.046533
0.145755 0.420125 0.283252
0.467624 0.235655 0.062021
0.067110 0.042048 0.008780
0.490022 0.244651 0.062601
0.394273 0.061893 0.162275
0.126733 0.332680 0.467953
0.184541 0.513635 0.282051
0.061666 0.067782 0.033129
0.138492 0.603949 0.147753
0.123404 0.069219 0.012522
0.466962 0.237690 0.061201
0.153301 0.058312 0.056738
0.365439 0.152506 0.248660
0.061599 0.063276 0.092354
0.280924 0.464001 0.326783
0.062027 0.065966 0.058633
0.407585 0.417065 0.323167
0.096393 0.403300 0.117664
0.206843 0.598950 0.045083
0.807459 0.803928 0.160242
0.083732 0.505492 0.045400
0.565371 0.087713 0.030070
0.080659 0.072778 0.261235
0.085190 0.091652 0.021809
0.172822 0.149173 0.377694
0.165120 0.658465 0.069690
0.280674 0.263624 0.174715
0.310654 0.679454 0.018746
0.190217 0.072190 0.074728
0.103238 0.632787 0.004553
0.600659 0.292730 0.236825
0.722888 0.680205 0.027416
0.522759 0.134887 0.027692
0.393562 0.780786 0.193526
0.108650 0.363828 0.283829
0.114252 0.070749 0.027094
0.394816 0.216613 0.058428
0.146856 0.088427 0.033074
0.560113 0.538250 0.013448
0.594186 0.281505 0.067094
0.461611 0.066703 0.036590
0.125279 0.076848 0.029006
0.200147 0.060820 0.042523
0.266139 0.072862 0.027271
0.598861 0.277385 0.066841
0.026473 0.024304 0.048580
0.627908 0.306139 0.070822
0.463020 0.092635 0.041283
0.083982 0.077204 0.050675
0.333229 0.033670 0.006244
0.056943 0.024821 0.023355
0.404653 0.057304 0.057679
0.065379 0.042726 0.011147
0.111815 0.220303 0.051517
0.051335 0.090166 0.067215
0.549468 0.274371 0.065584
0.503628 0.259904 0.063163
0.120835 0.012924 0.019162
0.281201 0.080250 0.066091
0.069032 0.011345 0.035520
0.040577 0.070242 0.085441
0.062597 0.114515 0.070944
0.014301 0.017293 0.005090
0.052038 0.125600 0.048860
0.036766 0.012131 0.012589
0.077913 0.042273 0.053815
0.014933 0.016261 0.023627
0.082464 0.107830 0.080486
0.014567 0.017034 0.015232
0.106715 0.102167 0.079788
0.031779 0.080828 0.035687
0.070198 0.130958 0.016821
0.349436 0.210245 0.072415
0.811115 0.165266 0.069821
0.234196 0.245159 0.058981
0.777475 0.166364 0.058055
0.310712 0.236533 0.026905
0.504713 0.074097 0.023696
0.417811 0.083902 0.036966
0.029368 0.096536 0.010912
0.020176 0.018028 0.044735
0.698876 0.117360 0.042724
0.759440 0.098329 0.041835
0.449243 0.088361 0.037386
0.044218 0.037076 0.062704
0.060765 0.136790 0.028542
0.073493 0.065521 0.049305
0.224606 0.127014 0.046053
0.075359 0.048449 0.013612
0.043592 0.016635 0.017975
0.418203 0.090507 0.038266
0.128273 0.077990 0.064927
0.352307 0.046495 0.050110
0.668713 0.316308 0.072027
0.106661 0.201658 0.049649
0.035626 0.074538 0.060407
0.498701 0.253822 0.064072
0.473802 0.080331 0.031525
0.510700 0.088004 0.032211
0.799493 0.190835 0.045888
0.493807 0.199480 0.074188
0.276673 0.244565 0.068760
0.261808 0.146489 0.049681
0.485874 0.079444 0.046618
0.363255 0.031999 0.022343
0.043688 0.012552 0.004959
0.371208 0.024804 0.006129
0.153505 0.053268 0.026061
0.023430 0.021509 0.042619
0.035435 0.037407 0.032257
0.154678 0.026466 0.011660
0.053372 0.039649 0.013727
0.061212 0.047058 0.044642
0.129257 0.027307 0.034796
0.052885 0.099661 0.037428
0.016295 0.044057 0.040104
0.098607 0.041889 0.040355
0.011488 0.035400 0.050604
0.023583 0.053082 0.043513
0.005906 0.008801 0.005290
0.016594 0.056024 0.030894
0.016943 0.005230 0.008492
0.006138 0.008602 0.017157
0.034576 0.052075 0.048490
0.005925 0.008955 0.010720
0.046504 0.050026 0.049361
0.006798 0.040239 0.022242
0.027766 0.060434 0.004452
0.137771 0.109399 0.058066
0.223197 0.094651 0.056386
0.099358 0.121884 0.047642
0.221461 0.094963 0.048445
0.130755 0.118570 0.024072
0.160741 0.040961 0.007110
0.138934 0.047465 0.021431
0.211444 0.068337 0.029884
0.217685 0.058112 0.027560
0.149552 0.050519 0.022163
0.018275 0.018094 0.039492
0.120147 0.054553 0.010521
0.114315 0.057040 0.017210
0.021166 0.062370 0.013838
0.031093 0.032187 0.030577
0.133077 0.019148 0.004894
0.019861 0.007491 0.012038
0.140221 0.051348 0.022874
0.050079 0.036675 0.011542
0.052826 0.039224 0.038597
0.110151 0.019256 0.028411
0.049748 0.090691 0.034820
0.008752 0.037818 0.036707
0.185282 0.134882 0.056829
0.165999 0.050819 0.017761
0.230657 0.107511 0.039573
0.177941 0.109167 0.061042
0.118345 0.119860 0.058821
0.038553 0.029169 0.006871
0.156235 0.044700 0.028541
0.187783 0.047373 0.021873
0.102864 0.010528 0.006933
0.221481 0.157856 0.062657
0.012672 0.014995 0.039560
0.208028 0.065177 0.033192
0.029981 0.027148 0.052152
0.044993 0.047048 0.040894
0.224767 0.035163 0.018856
0.032873 0.013816 0.018446
0.066764 0.050298 0.020281
0.077361 0.059430 0.056576
0.178578 0.036575 0.044792
0.064282 0.131063 0.046090
0.023103 0.055032 0.050318
0.063727 0.004547 0.014302
0.131072 0.053480 0.051668
0.039700 0.005105 0.029545
0.016617 0.043831 0.062811
0.032158 0.067014 0.055014
0.007072 0.010969 0.006487
0.024147 0.071233 0.039212
0.021450 0.006926 0.010759
0.041791 0.025824 0.040218
0.007119 0.010490 0.020939
0.044490 0.066121 0.061255
0.006948 0.011173 0.013024
0.059561 0.063080 0.062950
0.010864 0.049976 0.028296
0.036607 0.076904 0.011177
0.286280 0.117856 0.067933
0.123896 0.157505 0.056727
0.164061 0.149712 0.030308
0.227765 0.051611 0.014232
0.189141 0.058880 0.028673
0.007554 0.058504 0.005535
0.010119 0.011228 0.036689
0.279432 0.083063 0.036877
0.158518 0.067978 0.017809
0.029749 0.080238 0.020544
0.039222 0.040239 0.038156
0.189684 0.026559 0.010326
0.025477 0.009508 0.014966
0.189283 0.072628 0.031891
0.189759 0.063151 0.030102
0.066143 0.049712 0.048838
0.149452 0.026792 0.036471
0.061132 0.120543 0.043605
0.013306 0.046702 0.045458
0.227658 0.061833 0.024290
0.261823 0.187291 0.068106
0.294246 0.133410 0.045725
0.174043 0.182378 0.057025
0.230748 0.136856 0.071871
0.147396 0.153376 0.071439
0.259780 0.057575 0.029102
0.140153 0.016621 0.012004
0.024760 0.007261 0.004571
0.108150 0.043347 0.011386
0.027980 0.029539 0.073891
0.566873 0.399283 0.119719
0.490366 0.115258 0.055001
0.060268 0.054239 0.115326
0.061579 0.173337 0.013184
0.087742 0.094428 0.081846
0.659605 0.064376 0.040006
0.379118 0.042360 0.015847
0.063014 0.030613 0.036156
0.133968 0.098113 0.044048
0.155871 0.117416 0.113389
0.225523 0.269371 0.009299
0.458955 0.068194 0.083531
0.069694 0.053709 0.023384
0.108688 0.288191 0.077397
0.053216 0.117834 0.107729
0.031605 0.023343 0.005392
0.533225 0.368535 0.107105
0.113310 0.082909 0.037381
0.140813 0.018535 0.031025
0.300078 0.096803 0.096799
0.074516 0.015961 0.053637
0.042760 0.088624 0.152296
0.064718 0.146196 0.117036
0.053733 0.160025 0.077356
0.041043 0.015672 0.021017
0.084474 0.052766 0.082242
0.014613 0.020256 0.036140
0.083627 0.140624 0.135085
0.112147 0.130031 0.135943
0.034150 0.103206 0.057951
0.070238 0.174862 0.031431
0.560881 0.390763 0.115415
0.349383 0.274747 0.108225
0.788879 0.216203 0.101638
0.228690 0.322585 0.084114
0.787695 0.217564 0.080952
0.321405 0.299594 0.040349
0.563892 0.088849 0.032639
0.029718 0.131526 0.024738
0.020975 0.022130 0.066043
0.475593 0.109308 0.050453
0.048586 0.044934 0.100795
0.358339 0.254978 0.080773
0.352392 0.124393 0.035050
0.060351 0.185469 0.044837
0.078789 0.080578 0.077929
0.229820 0.160936 0.064168
0.160606 0.064669 0.011659
0.090775 0.216058 0.010263
0.048849 0.020868 0.028750
0.423988 0.131540 0.051882
0.438157 0.111582 0.051707
0.028544 0.020796 0.004365
0.134527 0.095597 0.098292
0.402653 0.054644 0.071300
0.308527 0.219809 0.074202
0.274353 0.055417 0.011524
0.066271 0.223901 0.013193
0.596515 0.411517 0.124369
0.104626 0.264448 0.074934
0.037976 0.095313 0.094459
0.508313 0.097192 0.042743
0.555598 0.107466 0.042799
0.324639 0.124758 0.011638
0.803750 0.252020 0.061343
0.337015 0.361266 0.081117
0.492469 0.262896 0.113557
0.281204 0.307705 0.111886
0.266862 0.187427 0.068906
0.082223 0.019985 0.007047
0.552202 0.038081 0.012533
0.530670 0.096119 0.063411
0.033412 0.024274 0.004685
0.134735 0.096168 0.043670
0.419534 0.040501 0.033483
0.047531 0.017052 0.012301
0.435239 0.033274 0.015970
0.586350 0.404605 0.122834
0.554408 0.378937 0.110601
0.035333 0.036783 0.096264
0.768160 0.136085 0.061157
0.075064 0.068186 0.165049
0.072711 0.229012 0.018576
0.478349 0.340055 0.100978
0.107808 0.120838 0.103081
0.092343 0.108044 0.009184
0.078724 0.038997 0.045392
0.199036 0.145088 0.144067
0.278615 0.334917 0.009685
0.711213 0.079770 0.102081
0.088137 0.067264 0.031303
0.124560 0.365469 0.087001
0.063952 0.151906 0.140663
0.039033 0.029323 0.008855
0.643971 0.458496 0.149958
0.608378 0.440153 0.136975
0.598655 0.426731 0.129018
0.196754 0.025780 0.039740
0.387320 0.118855 0.118505
0.094472 0.022327 0.068094
0.054270 0.116484 0.217491
0.077253 0.192853 0.153078
0.018629 0.027074 0.016338
0.064285 0.211603 0.097073
0.050707 0.020432 0.026338
0.107843 0.065772 0.109891
0.018630 0.025281 0.043671
0.101156 0.182029 0.178934
0.018735 0.026772 0.028449
0.138161 0.165753 0.180284
0.043265 0.137984 0.072843
0.686036 0.482818 0.167117
0.441293 0.343721 0.136071
0.283726 0.399582 0.100643
0.409613 0.371737 0.045752
0.637529 0.123687 0.056332
0.037902 0.174929 0.032320
0.132511 0.040288 0.007326
0.027036 0.027665 0.084359
0.668953 0.473607 0.160972
0.733799 0.129294 0.055288
0.060999 0.056487 0.141158
0.461629 0.148515 0.038796
0.422512 0.159000 0.048158
0.070298 0.244921 0.053189
0.036195 0.025591 0.005434
0.096383 0.100293 0.098180
0.464559 0.033959 0.013377
0.211002 0.077579 0.017407
0.435446 0.155160 0.048982
0.106770 0.277318 0.014571
0.636768 0.452593 0.143991
0.061069 0.027183 0.035545
0.606309 0.156850 0.057358
0.051049 0.213254 0.005181
0.158439 0.114605 0.049704
0.170976 0.121551 0.126503
0.244708 0.294607 0.004834
0.577732 0.065690 0.087248
0.390654 0.273812 0.083823
0.359499 0.066428 0.017606
0.077128 0.291047 0.017727
0.743068 0.508832 0.190428
0.048225 0.126318 0.127296
0.599138 0.419098 0.128627
0.815000 0.115773 0.048237
0.404244 0.150422 0.016999
0.654158 0.460445 0.150199
0.415786 0.447823 0.102532
0.642229 0.337175 0.141028
0.350543 0.383561 0.138901
0.185860 0.229787 0.005564
0.106126 0.026914 0.012087
0.636731 0.049003 0.041198
0.059070 0.022383 0.016758
0.072551 0.029871 0.005219
0.701020 0.487543 0.171932
0.158528 0.112465 0.048750
0.663057 0.471133 0.158438
0.254019 0.080664 0.032051
0.057243 0.058600 0.201817
0.116563 0.108399 0.312539
0.718397 0.531163 0.213818
0.164516 0.197946 0.169298
0.488820 0.345494 0.101311
0.132767 0.061885 0.073490
0.272601 0.194903 0.070354
0.319932 0.226288 0.229440
0.426392 0.515682 0.023187
0.187215 0.595466 0.130602
0.089733 0.266103 0.252406
0.222897 0.157724 0.063163
0.036781 0.026167 0.004840
0.220264 0.156461 0.062342
0.390409 0.043673 0.062806
0.170172 0.039879 0.120379
0.078872 0.201882 0.387150
0.104448 0.326464 0.258578
0.030871 0.041940 0.026699
0.084911 0.358237 0.151156
0.078799 0.034852 0.042096
0.179568 0.099840 0.205129
0.031716 0.039145 0.067934
0.143253 0.301692 0.299165
0.207292 0.269569 0.292565
0.063867 0.243994 0.114784
0.042775 0.031067 0.007943
0.680374 0.533433 0.284357
0.450895 0.605679 0.215302
0.622695 0.565615 0.083047
0.055935 0.310039 0.048186
0.249482 0.061782 0.020376
0.043837 0.043866 0.167597
0.043906 0.057589 0.013307
0.041430 0.030984 0.010268
0.075398 0.335952 0.012536
0.690903 0.506196 0.187618
0.091896 0.402942 0.068931
0.148674 0.166332 0.168785
0.478493 0.315227 0.094471
0.162127 0.118801 0.051535
0.357505 0.117675 0.028207
0.112548 0.154083 0.012904
0.097445 0.045012 0.056464
0.365103 0.254094 0.079084
0.069639 0.362606 0.014279
0.056749 0.042635 0.017636
0.277531 0.189013 0.206499
0.376029 0.456977 0.012935
0.099597 0.476618 0.022229
0.175814 0.546964 0.120978
0.070369 0.221957 0.234461
0.651744 0.671725 0.264174
0.554754 0.582203 0.303705
0.287656 0.362987 0.007051
0.199057 0.045564 0.027180
0.482496 0.309431 0.004489
0.064987 0.048553 0.019588
0.093304 0.038161 0.030340
0.121077 0.048925 0.017884
0.051047 0.037757 0.011862
0.072059 0.074787 0.289247
0.146401 0.139081 0.410659
0.111201 0.485987 0.027992
0.202280 0.249838 0.213715
0.594807 0.433742 0.136319
0.171052 0.227404 0.024778
0.407103 0.287850 0.291715
0.520216 0.638610 0.036209
0.260122 0.735863 0.197928
0.103018 0.339915 0.322635
0.077368 0.058701 0.027474
0.292286 0.203778 0.072012
0.585235 0.053077 0.076345
0.236029 0.050399 0.170219
0.092382 0.264830 0.502533
0.121986 0.412878 0.326064
0.040213 0.052547 0.034086
0.095417 0.462726 0.187050
0.080630 0.055057 0.010000
0.100812 0.044449 0.053348
0.234018 0.125898 0.272833
0.041200 0.049220 0.087898
0.173581 0.379107 0.374664
0.039935 0.052267 0.055021
0.259472 0.339432 0.368496
0.073897 0.317185 0.145745
0.129820 0.483007 0.052205
0.815742 0.675006 0.407736
0.578147 0.741530 0.336927
0.776446 0.681370 0.141252
0.063414 0.401574 0.054385
0.332412 0.074506 0.026957
0.056559 0.072871 0.020814
0.052728 0.039142 0.015322
0.084959 0.428018 0.014478
0.104448 0.532091 0.077292
0.183503 0.210881 0.217541
0.176245 0.597669 0.018683
0.128723 0.056818 0.072561
0.078182 0.465455 0.015853
0.349629 0.238264 0.259249
0.463759 0.570085 0.021171
0.754763 0.542355 0.221194
0.319823 0.115322 0.026606
0.114244 0.672554 0.023164
0.241053 0.677589 0.174709
0.081702 0.291203 0.305999
0.075107 0.055879 0.024771
0.354102 0.243494 0.079218
0.696156 0.733589 0.425617
0.671103 0.465631 0.158041
0.355224 0.449363 0.013556
0.072136 0.053247 0.023860
0.272355 0.055880 0.035012
0.652161 0.387008 0.007682
0.332909 0.793706 0.010065
0.348952 0.237934 0.078171
0.161509 0.060973 0.025966
0.635785 0.142820 0.048500
0.110522 0.121944 0.515503
0.318423 0.396252 0.341329
0.260851 0.362328 0.027084
0.292819 0.116567 0.153404
0.637531 0.464295 0.467621
0.282303 0.208937 0.075416
0.152414 0.543922 0.493413
0.429186 0.073912 0.313899
0.208653 0.641889 0.493961
0.063818 0.085454 0.054449
0.154002 0.792526 0.329874
0.131233 0.084934 0.023937
0.463973 0.313499 0.091397
0.173954 0.069108 0.084822
0.384288 0.190054 0.436810
0.066477 0.078885 0.175014
0.308462 0.579328 0.547107
0.064715 0.083434 0.091477
0.421326 0.522695 0.546339
0.093194 0.532509 0.229440
0.077537 0.806074 0.067124
0.516410 0.348428 0.103944
0.625323 0.106669 0.038850
0.087530 0.088985 0.472905
0.085136 0.119849 0.035642
0.083243 0.061985 0.030077
0.184786 0.187087 0.730850
0.113601 0.081518 0.037364
0.283254 0.333638 0.345899
0.201496 0.317211 0.021566
0.218883 0.085042 0.116940
0.559885 0.384936 0.415689
0.129587 0.092622 0.042731
0.107712 0.476433 0.486266
0.580761 0.387630 0.117570
0.534434 0.687982 0.036111
0.508171 0.079363 0.049770
0.572888 0.379474 0.115079
0.216621 0.073253 0.059636
0.551649 0.364400 0.108652
0.129196 0.144545 0.659869
0.377956 0.459125 0.403152
0.305382 0.426930 0.029809
0.350900 0.133225 0.184421
0.751999 0.548889 0.543166
0.191074 0.631053 0.551429
0.085763 0.062637 0.026593
0.556344 0.084324 0.374355
0.272585 0.740613 0.562849
0.074194 0.102256 0.063429
0.156000 0.099576 0.029115
0.215053 0.080455 0.101081
0.466629 0.226277 0.512697
0.078058 0.092876 0.223098
0.378292 0.666293 0.613395
0.075760 0.099096 0.110843
0.510967 0.614259 0.608340
0.108179 0.644295 0.278228
0.101174 0.104671 0.578103
0.097149 0.069902 0.031730
0.099118 0.144694 0.042042
0.325856 0.384156 0.394880
0.629690 0.428933 0.136215
0.227281 0.366459 0.020025
0.259584 0.094597 0.137893
0.622008 0.409421 0.122878
0.809437 0.580495 0.255195
0.116723 0.085891 0.042315
0.639178 0.441639 0.471525
0.784251 0.197334 0.037702
0.123685 0.559787 0.547760
0.473875 0.334490 0.096378
0.183765 0.132930 0.055811
0.619327 0.807384 0.051586
0.684670 0.085462 0.053306
0.155826 0.113780 0.050604
0.648970 0.434923 0.139577
0.260944 0.082422 0.067872
0.628023 0.429508 0.132367
0.629554 0.410754 0.123627
0.428890 0.119804 0.044141
0.088110 0.093438 0.388464
0.182359 0.175363 0.532328
0.129211 0.671297 0.030369
0.251602 0.313933 0.266098
0.730021 0.537646 0.215883
0.208543 0.285947 0.026485
0.225007 0.092839 0.118293
0.441921 0.303427 0.091207
0.506866 0.364440 0.370614
0.634739 0.786390 0.057100
0.120021 0.428932 0.402655
0.097320 0.073835 0.035529
0.057680 0.041600 0.013589
0.312808 0.060676 0.232516
0.105065 0.336366 0.688593
0.150155 0.519961 0.406032
0.050488 0.066259 0.043311
0.114565 0.603064 0.244309
0.102501 0.068734 0.017877
0.132454 0.056186 0.068061
0.298617 0.153922 0.351014
0.052596 0.061497 0.120004
0.223409 0.472075 0.458797
0.051101 0.065323 0.070093
0.328015 0.423377 0.450206
0.081226 0.407591 0.181220
0.157570 0.633809 0.061288
0.813075 0.824189 0.229925
0.069438 0.524540 0.060108
0.438057 0.088393 0.033134
0.070159 0.070341 0.352697
0.064304 0.046344 0.017823
0.069732 0.092748 0.028567
0.064930 0.048878 0.021689
0.146348 0.146505 0.497803
0.094254 0.575218 0.014098
0.126356 0.722204 0.093100
0.224523 0.264131 0.271472
0.731740 0.495213 0.184858
0.675017 0.171636 0.036639
0.227662 0.811413 0.025976
0.165668 0.250899 0.020600
0.165588 0.069313 0.090653
0.085377 0.654145 0.015861
0.444717 0.299872 0.326635
0.570361 0.698375 0.035459
0.409715 0.139519 0.030367
0.090636 0.371903 0.389957
0.791104 0.571480 0.251164
0.311286 0.224492 0.074557
0.121312 0.088337 0.039883
0.437821 0.557735 0.021402
0.361042 0.066235 0.041782
0.103642 0.076338 0.035677
0.612101 0.734526 0.018534
0.210880 0.073240 0.032806
0.433125 0.286522 0.086649
0.415869 0.274477 0.082508
0.082966 0.033909 0.004859
0.589574 0.076646 0.011347
0.021677 0.023630 0.058426
0.358142 0.094806 0.048496
0.047847 0.042542 0.084697
0.051498 0.131768 0.007168
0.071356 0.075077 0.065594
0.429296 0.053723 0.032699
0.269092 0.033453 0.008725
0.051010 0.023439 0.028947
0.122980 0.092010 0.088312
0.182174 0.214650 0.007724
0.336036 0.056288 0.068352
0.092563 0.223748 0.067456
0.042021 0.089058 0.081707
0.086912 0.064713 0.028893
0.104894 0.011809 0.024247
0.228878 0.079561 0.078307
0.060114 0.011083 0.043752
0.032583 0.068840 0.108730
0.053960 0.113156 0.090581
0.011059 0.017469 0.010352
0.043604 0.122200 0.062968
0.033242 0.011746 0.016747
0.066335 0.041413 0.063616
0.011669 0.016027 0.030288
0.069523 0.108191 0.102462
0.011060 0.017374 0.018957
0.024735 0.079063 0.045686
0.058976 0.132012 0.024999
0.278132 0.216694 0.093969
0.501571 0.173730 0.088164
0.184500 0.254858 0.075794
0.502995 0.174215 0.072397
0.256685 0.235960 0.038703
0.020525 0.096440 0.017569
0.016242 0.017671 0.052902
0.436851 0.301374 0.088899
0.353350 0.089782 0.043479
0.038457 0.035598 0.076373
0.049422 0.139518 0.036530
0.063073 0.063605 0.060946
0.121657 0.052037 0.004721
0.261783 0.104941 0.038174
0.076163 0.164484 0.004979
0.039462 0.015844 0.022883
0.327218 0.092301 0.044862
0.105599 0.077378 0.078182
0.294830 0.044925 0.058550
0.199129 0.045003 0.005190
0.055522 0.168491 0.007216
0.088649 0.203882 0.064412
0.027986 0.073640 0.072194
0.373335 0.081044 0.036033
0.398096 0.089794 0.037144
0.259986 0.100233 0.005827
0.423033 0.292544 0.086375
0.524084 0.198333 0.054895
0.267773 0.288755 0.070437
0.373397 0.207713 0.094281
0.225945 0.243515 0.095741
0.379069 0.080469 0.053375
0.469718 0.083033 0.043305
0.038536 0.012631 0.009086
0.791687 0.045156 0.016361
0.471267 0.318859 0.094636
0.098492 0.072384 0.032370
0.160929 0.050555 0.020718
0.023747 0.020836 0.034958
0.036908 0.035887 0.025497
0.159217 0.024667 0.007626
0.026566 0.010186 0.011384
0.063845 0.044395 0.036907
0.128852 0.026319 0.028718
0.055627 0.093621 0.029464
0.018243 0.041844 0.033182
0.045464 0.030359 0.004518
0.045238 0.030570 0.004091
0.101479 0.039878 0.033691
0.013117 0.033657 0.042136
0.025006 0.051058 0.035181
0.018464 0.053548 0.022935
0.016683 0.005133 0.006403
0.034759 0.018930 0.028511
0.006783 0.008065 0.014123
0.037670 0.049210 0.040380
0.006629 0.008396 0.008148
0.048078 0.047637 0.041851
0.008226 0.038511 0.016765
0.227994 0.146497 0.051422
0.105278 0.113833 0.038756
0.235930 0.089361 0.041004
0.135450 0.112273 0.016766
0.008754 0.008700 0.026192
0.223034 0.064973 0.024180
0.155740 0.047659 0.017277
0.018994 0.017444 0.033140
0.118929 0.054313 0.012258
0.024023 0.058541 0.007955
0.031727 0.030546 0.024703
0.020130 0.006789 0.009162
0.146946 0.048456 0.017831
0.054588 0.036838 0.032099
0.109320 0.018077 0.022794
0.052029 0.085229 0.026541
0.010129 0.035866 0.030821
0.157606 0.042400 0.011602
0.172499 0.047702 0.013046
0.220455 0.139172 0.050262
0.144366 0.135049 0.039330
0.187480 0.101619 0.050809
0.121956 0.113457 0.047443
0.161593 0.041999 0.023225
0.196684 0.044228 0.017436
0.050890 0.033979 0.005571
0.013556 0.014221 0.033387
0.217673 0.061525 0.027962
0.030056 0.026108 0.043391
0.194020 0.128962 0.048373
0.230475 0.032921 0.014316
0.032724 0.013131 0.014383
0.068384 0.047606 0.014477
0.080933 0.055870 0.047074
0.179392 0.034863 0.037252
0.025058 0.052187 0.041320
0.056590 0.038400 0.009345
0.058322 0.039732 0.010044
0.062999 0.004037 0.010283
0.134800 0.050780 0.043802
0.040675 0.004464 0.024735
0.018302 0.041548 0.052036
0.033418 0.063677 0.044704
0.026455 0.067069 0.030258
0.043470 0.024166 0.035073
0.047121 0.061789 0.050978
0.007885 0.010288 0.010057
0.060815 0.059731 0.052437
0.012102 0.047649 0.021822
0.288093 0.182237 0.057926
0.303189 0.110337 0.057158
0.300090 0.110832 0.048290
0.238181 0.048632 0.009502
0.306889 0.065823 0.028283
0.032605 0.074102 0.014608
0.193907 0.024198 0.006438
0.117118 0.077003 0.030715
0.160390 0.065829 0.019603
0.196451 0.059636 0.024974
0.067862 0.046363 0.040392
0.309804 0.190887 0.059352
0.063577 0.110815 0.034933
0.014445 0.044042 0.037740
0.219930 0.053319 0.018333
0.238347 0.058395 0.019025
0.311143 0.123403 0.038626
0.179413 0.170813 0.046180
0.050297 0.034628 0.006038
0.066428 0.045712 0.012930
0.222290 0.053065 0.031340
0.140808 0.014126 0.007563
0.305009 0.187668 0.059071
0.121151 0.043649 0.008672
0.030729 0.030297 0.064685
0.600358 0.113205 0.049304
0.064698 0.055981 0.098177
0.068167 0.174085 0.007651
0.435241 0.268179 0.070797
0.097132 0.095754 0.068742
0.426493 0.042839 0.013886
0.269510 0.174444 0.057588
0.067029 0.031713 0.032358
0.177868 0.116713 0.097575
0.255405 0.264891 0.005612
0.529150 0.069001 0.073847
0.076526 0.054380 0.019338
0.121904 0.288047 0.064799
0.642210 0.365293 0.086595
0.625549 0.357790 0.084516
0.604677 0.349883 0.082736
0.152248 0.019286 0.027517
0.081735 0.016251 0.048362
0.048257 0.090186 0.126829
0.069699 0.149107 0.095856
0.016057 0.022264 0.008508
0.059676 0.162094 0.064858
0.042954 0.016368 0.017885
0.093207 0.053307 0.075840
0.092821 0.141206 0.112396
0.124325 0.130851 0.113790
0.077177 0.175233 0.025670
0.670947 0.388219 0.091594
0.402976 0.270863 0.088739
0.264989 0.315170 0.070511
0.363174 0.298538 0.032013
0.644757 0.088188 0.031118
0.034376 0.132470 0.020096
0.023088 0.022682 0.058236
0.052495 0.045912 0.085956
0.067511 0.182378 0.038762
0.084927 0.081595 0.067661
0.367098 0.025519 0.004490
0.183510 0.064417 0.008826
0.102372 0.211660 0.005422
0.499410 0.128896 0.045982
0.518962 0.110292 0.046352
0.147727 0.096021 0.083581
0.073338 0.050047 0.016581
0.308876 0.055158 0.008370
0.073087 0.224265 0.007368
0.116675 0.262794 0.062520
0.041926 0.096229 0.083169
0.671573 0.106137 0.039123
0.360141 0.123266 0.010553
0.382242 0.360115 0.066934
0.600105 0.257838 0.091060
0.317505 0.307408 0.086979
0.647256 0.094887 0.056247
0.483824 0.039961 0.029913
0.051066 0.016735 0.009266
0.489325 0.033294 0.014170
0.709590 0.399728 0.096576
0.162149 0.054834 0.015793
0.038997 0.037776 0.082479
0.080934 0.070339 0.134383
0.081050 0.226499 0.013659
0.568397 0.335638 0.082159
0.121134 0.122117 0.083465
0.593725 0.052278 0.021395
0.102112 0.108326 0.005828
0.083518 0.040360 0.040808
0.228139 0.144624 0.120117
0.096935 0.068016 0.027181
0.141716 0.360056 0.071395
0.070387 0.153223 0.117024
0.043078 0.029568 0.004928
0.768964 0.447915 0.114331
0.744130 0.438175 0.109751
0.708330 0.426120 0.103316
0.219277 0.027117 0.035483
0.445406 0.118054 0.101137
0.104820 0.022649 0.060653
0.059612 0.117621 0.174938
0.083568 0.196531 0.122486
0.021079 0.027565 0.011605
0.070816 0.214027 0.078385
0.054207 0.021418 0.022743
0.120458 0.066368 0.097928
0.021431 0.025239 0.038513
0.112057 0.183016 0.143077
0.021770 0.026572 0.024846
0.152984 0.166116 0.143622
0.048447 0.139407 0.060904
0.091435 0.226875 0.031858
0.513895 0.339691 0.106615
0.329537 0.391426 0.081551
0.468153 0.369386 0.037081
0.150031 0.040216 0.004317
0.029593 0.028148 0.072602
0.065689 0.057763 0.118808
0.535835 0.316507 0.077643
0.539771 0.145935 0.034502
0.497057 0.154646 0.041871
0.079787 0.237842 0.046379
0.514277 0.034220 0.012476
0.517904 0.151672 0.042865
0.123280 0.269939 0.008542
0.785311 0.451979 0.115371
0.188124 0.119102 0.046154
0.802637 0.153216 0.049873
0.189661 0.121033 0.105017
0.692946 0.066046 0.075846
0.406116 0.065971 0.015764
0.162067 0.062369 0.006495
0.053069 0.126023 0.108511
0.467693 0.147513 0.013821
0.811292 0.461242 0.119038
0.472257 0.444132 0.082176
0.396565 0.381906 0.105921
0.135551 0.089915 0.035142
0.053184 0.036165 0.007363
0.116172 0.026225 0.008934
0.788367 0.048918 0.037035
0.062869 0.022175 0.013075
0.738172 0.041906 0.021584
0.184976 0.116052 0.044525
0.062538 0.060061 0.160254
0.126819 0.111132 0.255482
0.109686 0.367141 0.019975
0.186080 0.198301 0.126486
0.578207 0.339629 0.081720
0.156785 0.176972 0.016836
0.367684 0.223170 0.181003
0.489216 0.506375 0.017469
0.215850 0.582623 0.099747
0.098708 0.262892 0.201005
0.260553 0.161814 0.055498
0.443285 0.044411 0.055146
0.196772 0.040174 0.103230
0.085619 0.200496 0.315773
0.114230 0.324521 0.197912
0.034582 0.042774 0.020493
0.094343 0.356551 0.113267
0.083090 0.036050 0.037069
0.198219 0.100518 0.172763
0.035642 0.039415 0.058627
0.159037 0.298751 0.231544
0.035766 0.041265 0.038406
0.235024 0.264695 0.227946
0.069369 0.245627 0.091986
0.125396 0.367441 0.039803
0.780546 0.529529 0.230979
0.510215 0.593174 0.170186
0.702367 0.563845 0.070221
0.061802 0.308699 0.040318
0.282175 0.060600 0.017342
0.047390 0.044584 0.134346
0.050936 0.057078 0.008977
0.101942 0.090856 0.234184
0.082228 0.333815 0.005741
0.115696 0.076084 0.030597
0.162681 0.166095 0.128590
0.172108 0.429254 0.009722
0.124827 0.149790 0.007807
0.102891 0.045640 0.050204
0.075742 0.361531 0.007680
0.308309 0.186355 0.163356
0.431708 0.445472 0.006968
0.281469 0.091733 0.017970
0.110780 0.470453 0.014789
0.199943 0.533114 0.091800
0.075936 0.219872 0.194115
0.311900 0.188380 0.059951
0.714293 0.663310 0.211549
0.614817 0.576853 0.244365
0.659926 0.362973 0.086952
0.322165 0.347894 0.006117
0.222641 0.044317 0.022574
0.308033 0.185201 0.059825
0.101838 0.037810 0.026174
0.136773 0.049072 0.015588
0.050541 0.033073 0.005942
0.050950 0.032560 0.004725
0.073863 0.071791 0.211517
0.150032 0.133186 0.314457
0.217921 0.233835 0.145560
0.682833 0.405342 0.098460
0.182616 0.211313 0.018919
0.172144 0.073826 0.075081
0.444071 0.265798 0.216764
0.564530 0.594267 0.025986
0.271027 0.683584 0.131708
0.109662 0.314295 0.240100
0.602624 0.051432 0.064170
0.247693 0.048178 0.129902
0.097428 0.245701 0.380940
0.127775 0.387014 0.234535
0.041406 0.050745 0.025576
0.102986 0.427882 0.127469
0.083244 0.052075 0.005125
0.100566 0.043359 0.044383
0.241405 0.119422 0.214592
0.042878 0.046784 0.069852
0.185415 0.355052 0.276293
0.042892 0.049020 0.045826
0.277401 0.313676 0.270831
0.077401 0.298152 0.107815
0.140868 0.442324 0.041596
0.593108 0.692424 0.249123
0.804580 0.653703 0.098280
0.067674 0.370149 0.044299
0.348715 0.069956 0.022039
0.056801 0.053179 0.178698
0.059866 0.068235 0.014027
0.121349 0.109666 0.289711
0.090376 0.396282 0.007021
0.117240 0.469576 0.062288
0.191225 0.198056 0.151430
0.498970 0.132329 0.028724
0.198676 0.526218 0.010280
0.360688 0.215896 0.063904
0.125536 0.054673 0.059757
0.082687 0.432156 0.008744
0.367856 0.218810 0.191122
0.500235 0.525460 0.012332
0.123629 0.591553 0.014874
0.084084 0.056711 0.020327
0.248215 0.628562 0.116092
0.084996 0.268483 0.234906
0.814806 0.789569 0.304948
0.709839 0.671673 0.331664
0.100215 0.067879 0.025809
0.379873 0.413837 0.007434
0.359070 0.214707 0.062634
0.282725 0.051957 0.028294
0.126871 0.045337 0.032259
0.114279 0.116050 0.391334
0.237849 0.210566 0.520954
0.341514 0.370606 0.237061
0.294254 0.112671 0.117387
0.724530 0.427028 0.376586
0.158267 0.505973 0.383015
0.502468 0.286012 0.071512
0.455251 0.070558 0.239280
0.134587 0.398174 0.620477
0.210471 0.606841 0.386018
0.066334 0.080904 0.042943
0.159248 0.719700 0.224435
0.136753 0.080482 0.018612
0.403710 0.177997 0.350640
0.068340 0.074574 0.127939
0.312828 0.540683 0.439992
0.439506 0.490261 0.435866
0.098198 0.495408 0.158284
0.222879 0.768230 0.059410
0.082730 0.679454 0.052446
0.089381 0.084638 0.359619
0.084080 0.055494 0.019606
0.084016 0.058333 0.022787
0.190365 0.177038 0.493071
0.117525 0.766498 0.007186
0.297467 0.315910 0.239033
0.218438 0.289209 0.015337
0.215192 0.081924 0.093374
0.598298 0.322653 0.078191
0.113068 0.076675 0.033198
0.609035 0.355035 0.317444
0.718597 0.820782 0.044044
0.593568 0.156373 0.031446
0.135549 0.087452 0.035001
0.112028 0.437982 0.373899
0.160643 0.104731 0.040918
0.577632 0.641584 0.025796
0.225214 0.069167 0.050151
0.588841 0.320433 0.077046
0.142091 0.147564 0.507663
0.297197 0.267311 0.695491
0.428656 0.458709 0.316535
0.351464 0.417021 0.024465
0.381034 0.136070 0.145735
0.783589 0.453125 0.117213
0.383993 0.241203 0.068462
0.217146 0.621124 0.468195
0.663099 0.364546 0.087221
0.719982 0.082616 0.312024
0.170734 0.499330 0.804578
0.299060 0.734229 0.478176
0.081081 0.102368 0.052763
0.174953 0.099383 0.024726
0.230077 0.081401 0.085538
0.540462 0.223495 0.437831
0.084141 0.093388 0.176133
0.412196 0.656046 0.530869
0.083689 0.098050 0.093086
0.562679 0.606148 0.542564
0.119325 0.650100 0.207266
0.733609 0.405292 0.099882
0.110825 0.107136 0.472447
0.112958 0.141126 0.035025
0.715004 0.395273 0.093953
0.238196 0.220178 0.684834
0.372147 0.393179 0.307042
0.776025 0.433482 0.112799
0.271592 0.362973 0.015506
0.279030 0.099731 0.117943
0.751687 0.408904 0.097811
0.762776 0.418183 0.101905
0.780281 0.446049 0.408720
0.139004 0.550609 0.459148
0.156652 0.100834 0.040833
0.694860 0.791069 0.043830
0.174583 0.112855 0.044117
0.799405 0.436538 0.113200
0.293917 0.083313 0.060838
0.387052 0.102240 0.039761
0.769837 0.423744 0.104128
0.785399 0.422947 0.105153
0.772643 0.407216 0.097243
0.120930 0.076930 0.029245
0.737808 0.406824 0.095947
0.654378 0.072383 0.007653
0.022293 0.022696 0.048770
0.496706 0.292848 0.073194
0.383760 0.089287 0.041780
0.048161 0.041244 0.068640
0.311273 0.199948 0.061784
0.073960 0.071772 0.052153
0.455416 0.051051 0.027846
0.276738 0.031205 0.005129
0.050514 0.022732 0.023309
0.129911 0.086280 0.073333
0.338275 0.054551 0.057251
0.043950 0.083514 0.066861
0.425725 0.257568 0.067131
0.088369 0.060459 0.021456
0.103763 0.011190 0.018972
0.239097 0.076103 0.066021
0.061422 0.009953 0.037231
0.033831 0.065568 0.084224
0.055263 0.105720 0.072049
0.011489 0.016575 0.006421
0.045906 0.114598 0.050094
0.032820 0.011399 0.013091
0.067644 0.039224 0.055065
0.012207 0.015299 0.024806
0.073190 0.101019 0.081852
0.012053 0.015948 0.015540
0.093220 0.094504 0.083569
0.026158 0.075245 0.036021
0.061331 0.124371 0.017443
0.294738 0.202130 0.075219
0.549139 0.161332 0.072262
0.200167 0.234124 0.062412
0.270430 0.222260 0.030012
0.425676 0.070590 0.022204
0.352600 0.080573 0.036907
0.022491 0.089912 0.010418
0.097035 0.065733 0.024654
0.377370 0.084762 0.037107
0.038836 0.034182 0.062155
0.269891 0.099730 0.031286
0.053807 0.128215 0.029262
0.520159 0.299287 0.073916
0.038919 0.015280 0.018586
0.109627 0.073776 0.064279
0.298622 0.043378 0.049386
0.092560 0.189053 0.051438
0.029547 0.069407 0.059992
0.393957 0.076740 0.030824
0.424323 0.083835 0.031716
0.572529 0.183227 0.046714
0.282358 0.270817 0.055937
0.398295 0.193032 0.076737
0.238384 0.229217 0.073930
0.400532 0.076113 0.045990
0.505300 0.077786 0.036515
0.300230 0.029167 0.020898
0.038414 0.011444 0.005148
0.305885 0.022065 0.004452
0.475492 0.276879 0.069720
0.013391 0.011600 0.023591
0.029006 0.021350 0.029690
0.045293 0.036424 0.019615
0.205476 0.024677 0.005630
0.031000 0.010102 0.008335
0.077171 0.044695 0.032652
0.159078 0.027215 0.025531
0.070352 0.092552 0.023224
0.026162 0.041893 0.027983
0.267361 0.128465 0.043053
0.124953 0.040350 0.030366
0.019559 0.033693 0.036282
0.033617 0.051367 0.030159
0.026234 0.054360 0.017899
0.019393 0.004699 0.004349
0.041917 0.018801 0.023516
0.008213 0.007968 0.011211
0.007896 0.008157 0.006254
0.058639 0.048474 0.034570
0.012616 0.039178 0.011237
0.185926 0.100141 0.043282
0.302687 0.087821 0.043712
0.130128 0.114888 0.032143
0.309611 0.086909 0.037699
0.169689 0.111914 0.012247
0.185708 0.045063 0.014262
0.010640 0.008864 0.022226
0.291167 0.063439 0.021609
0.023697 0.017826 0.027714
0.186738 0.094933 0.034158
0.160604 0.051195 0.005109
0.150897 0.053618 0.011015
0.040259 0.030803 0.019992
0.155484 0.053125 0.011354
0.023803 0.006741 0.006333
0.186800 0.048912 0.016026
0.065885 0.037763 0.027819
0.133596 0.019027 0.020076
0.157687 0.082181 0.029486
0.066832 0.085487 0.021234
0.016267 0.036022 0.025937
0.254771 0.122436 0.042554
0.226678 0.048229 0.010725
0.181793 0.135745 0.032686
0.151252 0.114258 0.040609
0.210412 0.042909 0.020766
0.257012 0.044686 0.015139
0.016843 0.014510 0.028351
0.281193 0.061019 0.024235
0.036187 0.027138 0.036532
0.057267 0.045947 0.026249
0.298780 0.033285 0.012602
0.038256 0.013108 0.011121
0.099636 0.056506 0.042353
0.228949 0.036208 0.033732
0.085466 0.119035 0.030399
0.033971 0.052831 0.035679
0.340127 0.157663 0.048641
0.067317 0.038051 0.005846
0.170455 0.051516 0.039268
0.047132 0.004099 0.020013
0.026079 0.042073 0.045343
0.042944 0.065153 0.037696
0.034759 0.068844 0.024311
0.024852 0.006334 0.005337
0.052774 0.024377 0.029712
0.009952 0.009873 0.013583
0.058340 0.063124 0.043910
0.009504 0.010241 0.007813
0.073651 0.061291 0.044806
0.018210 0.048915 0.015661
0.399419 0.106463 0.050912
0.407722 0.105513 0.043550
0.217288 0.140541 0.017167
0.304673 0.048841 0.007812
0.013355 0.010744 0.027562
0.073924 0.041347 0.008183
0.275556 0.058423 0.021062
0.030007 0.022467 0.034146
0.221970 0.062592 0.011251
0.205257 0.065720 0.017211
0.041941 0.075503 0.008577
0.050541 0.039048 0.025843
0.255177 0.024999 0.005217
0.210534 0.065059 0.017440
0.116233 0.062863 0.020696
0.264657 0.067241 0.023919
0.084125 0.047758 0.036021
0.190460 0.026602 0.027258
0.420751 0.182092 0.051970
0.081449 0.110184 0.028528
0.022437 0.044925 0.032905
0.283662 0.053532 0.015975
0.304925 0.058201 0.017241
0.086733 0.048748 0.012705
0.421769 0.119564 0.035524
0.230973 0.171085 0.037950
0.291570 0.053141 0.028355
0.349257 0.054664 0.021391
0.187251 0.015075 0.006468
0.034495 0.028854 0.052392
0.814367 0.104626 0.043599
0.072252 0.054307 0.073037
0.600739 0.235481 0.058215
0.111999 0.090082 0.054062
0.486942 0.040679 0.012152
0.073895 0.030156 0.026007
0.214738 0.107089 0.077284
0.153544 0.252350 0.050146
0.174059 0.017943 0.022298
0.398696 0.091264 0.070153
0.091819 0.014931 0.037539
0.056284 0.084306 0.095773
0.079905 0.140069 0.072279
0.067120 0.150901 0.050354
0.046814 0.015145 0.013200
0.104784 0.051447 0.059740
0.019778 0.019464 0.024521
0.109643 0.130970 0.081587
0.019405 0.020121 0.016019
0.146587 0.122338 0.083177
0.044318 0.100830 0.038165
0.094513 0.154610 0.018295
0.550577 0.237589 0.072024
0.319965 0.290460 0.054106
0.446947 0.270812 0.025214
0.043482 0.119894 0.013140
0.058704 0.045106 0.066364
0.560535 0.222483 0.055902
0.468982 0.117071 0.033456
0.078372 0.167077 0.029283
0.098675 0.078047 0.053609
0.223331 0.059513 0.005216
0.489187 0.114822 0.034683
0.056562 0.020822 0.019620
0.178678 0.090840 0.070053
0.354024 0.052498 0.006307
0.147989 0.232547 0.049315
0.050410 0.091024 0.066507
0.757756 0.091246 0.035573
0.448491 0.111015 0.009149
0.186920 0.091056 0.033827
0.480923 0.334024 0.049745
0.391235 0.280744 0.066890
0.182962 0.089162 0.033232
0.606475 0.038630 0.026680
0.056877 0.015591 0.005545
0.568444 0.032309 0.013322
0.043785 0.036461 0.066137
0.092013 0.068050 0.096404
0.100470 0.199164 0.006014
0.141807 0.115299 0.065875
0.434394 0.191219 0.052803
0.094241 0.038887 0.033692
0.235708 0.113820 0.040234
0.277282 0.133269 0.093711
0.185639 0.317822 0.054428
0.081251 0.143423 0.087243
0.255223 0.025817 0.029930
0.563122 0.109024 0.081211
0.122498 0.021731 0.046900
0.068911 0.108671 0.127487
0.096862 0.183824 0.088873
0.026468 0.025798 0.005712
0.081170 0.199729 0.061232
0.059387 0.020047 0.017852
0.138012 0.064050 0.076062
0.025588 0.024288 0.030452
0.134759 0.168180 0.101044
0.025087 0.025264 0.019855
0.184794 0.153456 0.102733
0.055062 0.133803 0.047553
0.115631 0.200990 0.023388
0.763680 0.305564 0.083081
0.405015 0.362374 0.061447
0.579177 0.339776 0.031996
0.053496 0.156957 0.019846
0.033638 0.027527 0.060251
0.204372 0.098959 0.035539
0.074457 0.056714 0.088103
0.082554 0.045640 0.011151
0.715241 0.132486 0.033562
0.093056 0.219789 0.035415
0.125672 0.095880 0.066070
0.653742 0.032932 0.010943
0.134668 0.071221 0.024668
0.297029 0.071870 0.011097
0.070803 0.027610 0.025991
0.233401 0.114419 0.084357
0.645902 0.238990 0.057851
0.464187 0.063740 0.014224
0.107665 0.254155 0.004557
0.179598 0.294333 0.053693
0.062135 0.119611 0.082710
0.652492 0.131288 0.010663
0.596888 0.422899 0.059733
0.505305 0.355593 0.078327
0.136422 0.026448 0.006829
0.071145 0.021269 0.009671
0.220111 0.102182 0.036830
0.212447 0.101782 0.036000
0.354600 0.074246 0.024650
0.069436 0.058153 0.117403
0.147971 0.104947 0.176106
0.141666 0.322999 0.011696
0.226381 0.183014 0.092486
0.184980 0.163928 0.009305
0.163801 0.061474 0.054191
0.472385 0.199677 0.131287
0.619213 0.470327 0.007328
0.191056 0.096907 0.036343
0.289538 0.500708 0.073065
0.116817 0.243128 0.138245
0.312308 0.141056 0.047065
0.305883 0.140397 0.046243
0.544616 0.042289 0.047163
0.237975 0.038928 0.075793
0.100476 0.184956 0.229696
0.135659 0.302921 0.129168
0.041937 0.040456 0.014266
0.110757 0.333144 0.081673
0.092790 0.034540 0.030665
0.040812 0.038181 0.046207
0.199717 0.272189 0.150322
0.040973 0.039527 0.031380
0.290434 0.242207 0.149565
0.078197 0.232422 0.069254
0.164609 0.321930 0.030425
0.630288 0.548588 0.116334
0.075385 0.274846 0.032261
0.337395 0.057934 0.014159
0.053648 0.043790 0.101810
0.118530 0.087459 0.165015
0.128140 0.356520 0.044475
0.225220 0.108147 0.038573
0.497189 0.104873 0.024184
0.117845 0.045708 0.042773
0.587680 0.219858 0.055558
0.360207 0.159013 0.048996
0.387123 0.169738 0.122189
0.347557 0.084421 0.015347
0.148358 0.405042 0.006783
0.277088 0.463510 0.069559
0.088540 0.205693 0.136575
0.075171 0.041843 0.010085
0.745793 0.555093 0.161351
0.270005 0.130725 0.043968
0.097902 0.054160 0.016077
0.273890 0.044062 0.019890
0.393397 0.167894 0.050823
0.119473 0.036899 0.021507
0.359673 0.155928 0.048438
0.351504 0.155671 0.047958
0.473440 0.088925 0.030512
0.087194 0.073472 0.166496
0.188579 0.132193 0.234575
0.167632 0.409043 0.011502
0.283381 0.227341 0.108137
0.216042 0.074127 0.066220
0.670509 0.250663 0.163489
0.800405 0.576285 0.019220
0.367880 0.613332 0.100535
0.136767 0.308322 0.172905
0.098409 0.055798 0.018403
0.322793 0.048607 0.096408
0.120897 0.238345 0.297558
0.160372 0.382116 0.158935
0.052897 0.050560 0.020290
0.127803 0.421295 0.092886
0.122535 0.044138 0.039449
0.302036 0.119490 0.158531
0.052075 0.048042 0.057707
0.248743 0.341447 0.188908
0.051939 0.049640 0.039538
0.368974 0.305366 0.190028
0.091012 0.299802 0.080595
0.200222 0.406828 0.031724
0.750293 0.668780 0.203473
0.085829 0.350781 0.036369
0.064501 0.034672 0.004298
0.072370 0.068384 0.010622
0.065302 0.036924 0.007113
0.149809 0.111511 0.224102
0.151044 0.453637 0.048186
0.089601 0.048889 0.012801
0.254546 0.192612 0.116905
0.754452 0.124911 0.027636
0.286230 0.471727 0.005965
0.185049 0.177854 0.006970
0.154219 0.057053 0.053306
0.526869 0.211188 0.145885
0.689689 0.514770 0.005070
0.445762 0.101916 0.021600
0.175388 0.529701 0.006180
0.103282 0.056367 0.017872
0.349145 0.571315 0.090313
0.104626 0.265075 0.176555
0.343037 0.159778 0.048688
0.126762 0.067665 0.022872
0.510233 0.200245 0.053265
0.365367 0.053274 0.026679
0.105416 0.057571 0.018655
0.158547 0.046748 0.029428
0.220858 0.056753 0.018527
0.490624 0.196270 0.052506
0.071798 0.038629 0.005966
0.466266 0.189734 0.051745
0.136504 0.116305 0.307187
0.306091 0.202050 0.387867
0.262447 0.678114 0.020225
0.448980 0.359752 0.164774
0.356171 0.318915 0.016132
0.365393 0.110655 0.096448
0.806940 0.825142 0.047448
0.205548 0.485869 0.278774
0.084197 0.046510 0.011442
0.676770 0.070199 0.166006
0.171445 0.381366 0.467048
0.267784 0.587883 0.284235
0.081799 0.079984 0.036366
0.203366 0.685096 0.155118
0.173196 0.078379 0.015822
0.215551 0.067625 0.060981
0.549928 0.172822 0.254002
0.081507 0.076019 0.098040
0.397313 0.519910 0.334556
0.563267 0.475286 0.339819
0.118915 0.490731 0.107935
0.315454 0.650091 0.047512
0.109357 0.606896 0.042350
0.104829 0.086381 0.285121
0.111849 0.107602 0.023585
0.243183 0.173154 0.380237
0.292771 0.133396 0.045367
0.247312 0.753941 0.073504
0.403528 0.301508 0.174987
0.495759 0.199732 0.053560
0.435695 0.721644 0.028040
0.282578 0.277213 0.011180
0.269692 0.083893 0.079434
0.172432 0.084826 0.031835
0.141622 0.423488 0.276468
0.158217 0.080270 0.030221
0.208621 0.101518 0.036424
0.807724 0.613124 0.018937
0.152438 0.077492 0.030091
0.175236 0.086956 0.032461
0.286530 0.069375 0.045789
0.386849 0.081642 0.030849
0.172701 0.147315 0.403844
0.394213 0.258510 0.486322
0.551549 0.452197 0.238316
0.448084 0.397190 0.022718
0.505647 0.132884 0.115952
0.281083 0.595836 0.370786
0.110134 0.058764 0.019389
0.119188 0.062798 0.019385
0.226009 0.479205 0.558087
0.363503 0.716920 0.391513
0.101200 0.100568 0.044974
0.230345 0.096871 0.021841
0.286974 0.082071 0.075174
0.100937 0.094612 0.132500
0.512733 0.644545 0.443630
0.099482 0.098419 0.078434
0.705847 0.603249 0.455351
0.147874 0.647757 0.138876
0.403984 0.820716 0.071747
0.134204 0.110994 0.383208
0.140833 0.138292 0.030714
0.137840 0.072802 0.028379
0.306476 0.217344 0.482323
0.503424 0.385072 0.233706
0.358673 0.346724 0.013671
0.347683 0.102755 0.097801
0.544478 0.206066 0.054822
0.182556 0.532739 0.359374
0.206320 0.099917 0.037819
0.229390 0.109315 0.039978
0.382413 0.083637 0.054671
0.537825 0.097780 0.036982
0.156011 0.077585 0.029471
0.153777 0.075739 0.026975
0.172067 0.085684 0.031619
0.242421 0.164580 0.305857
0.204791 0.531835 0.012930
0.358503 0.287581 0.129196
0.286149 0.257088 0.014020
0.284070 0.090733 0.080506
0.309996 0.149362 0.049309
0.464965 0.746724 0.169564
0.162950 0.390389 0.216689
0.071834 0.039472 0.005699
0.443306 0.058664 0.125939
0.141667 0.304786 0.379851
0.200394 0.482942 0.207745
0.065465 0.063669 0.027901
0.153733 0.543721 0.112774
0.135024 0.064667 0.009992
0.163620 0.055837 0.050365
0.394115 0.143333 0.204188
0.065103 0.060347 0.074874
0.313848 0.426202 0.247257
0.064743 0.062463 0.050364
0.456618 0.384924 0.249608
0.102749 0.383136 0.092454
0.250269 0.519129 0.036355
0.096600 0.447530 0.039255
0.603599 0.083556 0.028131
0.084396 0.070113 0.209444
0.091510 0.086008 0.017781
0.191664 0.139450 0.296418
0.186523 0.591176 0.055804
0.319585 0.240537 0.140162
0.354924 0.581553 0.016071
0.810903 0.257718 0.062285
0.230243 0.222514 0.010032
0.202618 0.069456 0.065710
0.116943 0.064342 0.023879
0.757491 0.268212 0.188065
0.602078 0.123750 0.026517
0.223614 0.698101 0.012955
0.442348 0.697554 0.143987
0.120718 0.337347 0.220985
0.161154 0.082546 0.029673
0.642835 0.500207 0.006025
0.515473 0.063575 0.033290
0.585335 0.821519 0.009149
0.138129 0.071784 0.025713
0.218907 0.057564 0.038047
0.297876 0.068427 0.024271
0.735336 0.248023 0.058476
0.792764 0.250598 0.059610
0.694265 0.236690 0.056570
0.027553 0.023080 0.042702
0.057769 0.042984 0.056680
0.420033 0.187692 0.053032
0.089673 0.073153 0.044368
0.614146 0.051595 0.026153
0.351967 0.031543 0.004107
0.059262 0.023187 0.019964
0.165528 0.085665 0.063987
0.432296 0.054601 0.050980
0.127154 0.198261 0.044462
0.054269 0.083855 0.055742
0.711611 0.252624 0.058999
0.681775 0.246669 0.058116
0.608566 0.233348 0.056431
0.125189 0.011389 0.016031
0.304599 0.075967 0.058435
0.072851 0.009967 0.030459
0.043947 0.066221 0.072474
0.066520 0.107697 0.058979
0.056517 0.115955 0.041544
0.038028 0.011108 0.009965
0.081524 0.040364 0.046978
0.015624 0.015457 0.020085
0.087954 0.100755 0.067135
0.015311 0.015787 0.012508
0.115884 0.094633 0.067500
0.033890 0.076820 0.028972
0.078183 0.118741 0.011909
0.797816 0.266660 0.060604
0.254534 0.227611 0.049817
0.341510 0.212723 0.022818
0.533479 0.070263 0.021224
0.033111 0.088416 0.005965
0.791793 0.109335 0.039967
0.486202 0.082568 0.033169
0.045214 0.034752 0.051225
0.075663 0.059441 0.041221
0.363888 0.093812 0.029105
0.043754 0.014440 0.014405
0.187835 0.093144 0.033322
0.463336 0.095692 0.035850
0.457092 0.084597 0.033969
0.133290 0.071238 0.055313
0.368792 0.042909 0.043185
0.116351 0.176397 0.041419
0.037048 0.068517 0.050584
0.591277 0.224923 0.056508
0.560597 0.083157 0.029733
0.343757 0.091399 0.004438
0.749216 0.257018 0.058988
0.358270 0.259415 0.043036
0.571703 0.176513 0.065119
0.301597 0.219428 0.059495
0.287392 0.132674 0.044688
0.095708 0.055258 0.015785
0.539160 0.074249 0.041161
0.685078 0.077097 0.034166
0.132170 0.068288 0.023032
0.767826 0.259085 0.059790
0.035952 0.014682 0.005952
0.009383 0.010126 0.048211
0.117663 0.052307 0.040993
0.020805 0.018223 0.066957
0.015327 0.056200 0.006511
0.029708 0.034428 0.053782
0.129186 0.024484 0.022739
0.023522 0.009625 0.025489
0.054705 0.042323 0.074302
0.080862 0.100274 0.011502
0.116883 0.022940 0.053976
0.023044 0.020314 0.018461
0.045408 0.090231 0.068771
0.011214 0.041221 0.066787
0.010097 0.008872 0.008508
0.005373 0.004669 0.004286
0.005967 0.004906 0.004653
0.006685 0.005151 0.004605
0.088866 0.036145 0.067711
0.009110 0.031213 0.086699
0.016816 0.049882 0.071942
0.004718 0.008777 0.011077
0.012075 0.052261 0.051808
0.005681 0.004918 0.004591
0.015247 0.004838 0.016100
0.029859 0.017016 0.053576
0.005507 0.007458 0.026649
0.027604 0.047884 0.083722
0.005021 0.008070 0.019236
0.039332 0.044985 0.085790
0.020806 0.056706 0.023064
0.007575 0.005934 0.005598
0.114537 0.101182 0.114038
0.168077 0.093431 0.093911
0.083455 0.112867 0.090597
0.169610 0.092525 0.079689
0.108926 0.110374 0.046440
0.124831 0.039930 0.018575
0.007793 0.007513 0.044101
0.177228 0.143352 0.128614
0.159523 0.067895 0.047544
0.006134 0.011281 0.006477
0.006538 0.005673 0.005472
0.114322 0.049277 0.035878
0.015917 0.014842 0.061653
0.115165 0.094162 0.084796
0.100217 0.050803 0.027349
0.095530 0.053157 0.035494
0.016155 0.057030 0.034172
0.009355 0.007639 0.006991
0.188847 0.152411 0.137878
0.025600 0.028591 0.051211
0.111607 0.017280 0.014269
0.026769 0.022039 0.019783
0.031091 0.070404 0.005378
0.017665 0.006490 0.020525
0.112692 0.057303 0.042137
0.009077 0.007948 0.007656
0.046617 0.034931 0.063813
0.099959 0.014867 0.044601
0.022259 0.018069 0.016318
0.018686 0.069426 0.007089
0.010525 0.008834 0.008014
0.042563 0.083069 0.064294
0.005147 0.035298 0.060322
0.009699 0.008154 0.007615
0.116877 0.044323 0.028716
0.127163 0.049964 0.031117
0.095240 0.051220 0.004203
0.172354 0.138990 0.123944
0.045591 0.037738 0.034231
0.191632 0.101591 0.070974
0.113796 0.137266 0.092893
0.145018 0.103618 0.112367
0.097794 0.111691 0.115463
0.032338 0.026998 0.024087
0.012505 0.010566 0.009441
0.043324 0.035398 0.031281
0.009906 0.008376 0.008106
0.030321 0.004950 0.005612
0.132480 0.041219 0.044879
0.147048 0.045882 0.035922
0.010835 0.009107 0.008395
0.044639 0.036792 0.033541
0.093196 0.008467 0.018431
0.018070 0.004685 0.010930
0.007471 0.006418 0.005890
0.041824 0.033443 0.029569
0.007735 0.006157 0.005398
0.176088 0.142301 0.127951
0.008643 0.007075 0.006574
0.088853 0.041904 0.026060
0.025205 0.025325 0.139546
0.054632 0.048048 0.259693
0.308989 0.255386 0.239103
0.076719 0.087794 0.174327
0.485019 0.062874 0.058728
0.310190 0.041026 0.027006
0.062385 0.082935 0.021151
0.056780 0.027197 0.058051
0.482113 0.297663 0.015573
0.137615 0.106497 0.261385
0.180919 0.269385 0.031129
0.418002 0.061647 0.156018
0.059247 0.050448 0.046864
0.096187 0.267395 0.190749
0.443825 0.189076 0.020934
0.045857 0.108268 0.244969
0.025991 0.022251 0.020685
0.429778 0.348967 0.318333
0.012896 0.010776 0.009481
0.014092 0.011618 0.010404
0.015650 0.012071 0.010592
0.395376 0.319572 0.286884
0.128003 0.014455 0.046542
0.275278 0.087227 0.220349
0.067800 0.012306 0.083074
0.039446 0.077346 0.374690
0.056238 0.137198 0.263532
0.010149 0.021098 0.025075
0.047606 0.146549 0.160859
0.028701 0.020107 0.007587
0.036990 0.013488 0.035279
0.073608 0.047285 0.176255
0.012684 0.017554 0.056655
0.074087 0.129040 0.323737
0.011048 0.019783 0.039934
0.098279 0.119270 0.331302
0.028445 0.095112 0.103457
0.060433 0.163412 0.060359
0.018140 0.014381 0.012824
0.285476 0.263198 0.318822
0.483233 0.226088 0.238177
0.181006 0.312927 0.243670
0.485272 0.223507 0.188162
0.267171 0.289829 0.084273
0.408682 0.090835 0.050018
0.024622 0.117882 0.052319
0.081981 0.031390 0.013726
0.613810 0.082720 0.021106
0.020162 0.018712 0.115942
0.017480 0.013777 0.012526
0.484690 0.151377 0.094546
0.520849 0.126244 0.086970
0.016521 0.028031 0.016624
0.017736 0.015191 0.014722
0.341552 0.115334 0.081147
0.044817 0.040382 0.226224
0.037587 0.144902 0.017961
0.295873 0.120131 0.063862
0.274545 0.127574 0.079468
0.053999 0.167744 0.087779
0.023972 0.019212 0.017330
0.070058 0.075197 0.164823
0.273658 0.024665 0.016087
0.137311 0.061837 0.029917
0.075398 0.213822 0.032419
0.051198 0.072598 0.013480
0.044658 0.019590 0.047666
0.416298 0.246881 0.013110
0.107423 0.084903 0.075994
0.153241 0.123634 0.109814
0.326448 0.134330 0.091786
0.318166 0.117955 0.083979
0.032812 0.158805 0.018692
0.107547 0.085273 0.076069
0.026374 0.022578 0.021328
0.120657 0.090042 0.225168
0.163730 0.239925 0.025155
0.370428 0.050537 0.122258
0.210313 0.056130 0.024929
0.094073 0.047621 0.018801
0.056194 0.219185 0.034944
0.027310 0.022077 0.019972
0.496502 0.396590 0.365450
0.095275 0.248931 0.182974
0.405868 0.177038 0.016063
0.032583 0.088838 0.218228
0.025513 0.021312 0.019620
0.363718 0.101851 0.067287
0.390854 0.112884 0.068753
0.276454 0.122281 0.029172
0.120406 0.095632 0.086026
0.568947 0.243679 0.146671
0.266335 0.362019 0.221357
0.386087 0.259221 0.304979
0.231391 0.300904 0.326959
0.125702 0.183013 0.021657
0.027730 0.023037 0.021458
0.074495 0.020856 0.021220
0.482131 0.037208 0.021326
0.431990 0.093857 0.107655
0.485002 0.100920 0.078093
0.199159 0.156806 0.018444
0.114394 0.305959 0.016624
0.027815 0.022624 0.020410
0.364795 0.039483 0.053339
0.045119 0.015782 0.025901
0.359766 0.032081 0.026332
0.665228 0.229121 0.011802
0.399100 0.283253 0.006211
0.177347 0.246084 0.010782
0.048639 0.022777 0.013691
0.107791 0.085818 0.076538
0.112908 0.089134 0.079732
0.020698 0.016535 0.015382
0.469958 0.379267 0.346948
0.107506 0.084337 0.075313
0.019764 0.015148 0.013507
0.105654 0.083436 0.074119
0.021787 0.017518 0.015539
0.655716 0.176431 0.097680
0.247436 0.462812 0.069103
0.334900 0.130600 0.441175
0.297768 0.250934 0.238039
0.078386 0.061556 0.053634
0.066912 0.102176 0.130507
0.139974 0.099636 0.056552
0.471296 0.375083 0.342236
0.200516 0.077780 0.229172
0.075678 0.087661 0.535473
0.070602 0.095514 0.295471
0.105817 0.652752 0.689345
0.092115 0.073395 0.065282
0.652928 0.131728 0.068376
0.086447 0.148016 0.082953
0.512431 0.404469 0.372429
0.090051 0.076491 0.074052
0.226484 0.179965 0.166451
0.193560 0.416741 0.054947
0.252547 0.100647 0.353400
0.773391 0.616090 0.558187
0.697171 0.202313 0.069190
0.740327 0.820045 0.087098
0.415474 0.343133 0.312809
0.560369 0.440359 0.411218
0.134086 0.110437 0.105941
0.590847 0.098053 0.100138
0.139009 0.112646 0.100962
0.584974 0.465227 0.436974
0.266759 0.084575 0.135903
0.277569 0.111259 0.077514
0.546477 0.430305 0.400591
0.573606 0.444694 0.415464
0.099283 0.077115 0.068237
0.533547 0.417014 0.379951
0.334751 0.121409 0.075068
0.106322 0.663027 0.070192
0.214522 0.300260 0.743755
0.617567 0.516811 0.482186
0.162633 0.292155 0.054701
0.197878 0.086122 0.263114
0.537173 0.807619 0.101297
0.187025 0.159783 0.150448
0.049133 0.038810 0.033422
0.290947 0.231287 0.207917
0.276695 0.055499 0.452478
0.042008 0.062792 0.072978
0.105426 0.562720 0.569948
0.088702 0.064731 0.037801
0.294532 0.234836 0.211160
0.044878 0.037196 0.034014
0.116214 0.051457 0.120350
0.044251 0.059022 0.141194
0.075382 0.388213 0.446489
0.132711 0.610461 0.152992
0.064573 0.478896 0.152073
0.055665 0.044311 0.039410
0.059802 0.087896 0.055898
0.323495 0.254139 0.226158
0.057403 0.048443 0.046167
0.080853 0.577540 0.043453
0.118097 0.636115 0.295829
0.198333 0.252892 0.778181
0.608421 0.480452 0.449771
0.541901 0.167949 0.065649
0.363295 0.291052 0.268977
0.134669 0.260975 0.047038
0.148088 0.066809 0.199716
0.488326 0.390709 0.358243
0.070691 0.671725 0.044730
0.482141 0.730365 0.066046
0.344024 0.136213 0.057421
0.311008 0.770866 0.552207
0.697440 0.558959 0.517988
0.262899 0.215324 0.196945
0.103143 0.083527 0.075137
0.356185 0.585050 0.043192
0.085371 0.071194 0.067940
0.308798 0.069301 0.069390
0.574094 0.822698 0.042257
0.623692 0.472993 0.044486
0.087310 0.071848 0.065687
0.377043 0.295750 0.272569
0.153006 0.057161 0.081790
0.505949 0.737898 0.047050
0.164062 0.073540 0.053200
0.344477 0.272222 0.242030
0.360682 0.281939 0.254809
0.342822 0.266628 0.235710
0.062670 0.049071 0.042696
