6
1.578706 -0.509131 -0.026729
-0.129182 1.430037 -0.268639
0.026785 -0.554129 1.556603
3
2.078780 -0.513843 -0.059748
-0.170102 1.443271 -0.600499
0.035270 -0.559258 3.479538
1.316762 1.009255 2.235341
4
3.669737 -0.518789 -0.032981
-0.300287 1.457163 -0.331475
0.062263 -0.564641 1.920704
2.324523 1.018969 1.233907
9
3.236377 -0.514826 -0.037586
-0.264826 1.446031 -0.377754
0.054910 -0.560327 2.188862
2.050019 1.011185 1.406179
10
3.484625 -0.518360 -0.034442
-0.285140 1.455959 -0.346159
0.059122 -0.564174 2.005786
2.207267 1.018127 1.288567
11
4.023950 -0.520715 -0.031075
-0.329271 1.462574 -0.312315
0.068272 -0.566737 1.809679
2.548892 1.022753 1.162582
14
2.892238 -0.509131 -0.054189
-0.236666 1.430037 -0.544623
0.049071 -0.554129 3.155769
1.832031 1.000000 2.027344
