16400.000000 0.000000 0.000000 0.000000
0.000000 0.000000 0.000000
0.001304 0.001089 0.001547
0.002206 0.001898 0.002376
0.002950 0.002692 0.003020
0.003533 0.003316 0.003549
0.004035 0.003859 0.004047
0.004568 0.004470 0.004677
0.005033 0.005011 0.005222
0.005495 0.005549 0.005758
0.005977 0.006114 0.006327
0.006474 0.006700 0.006910
0.006966 0.007288 0.007490
0.007509 0.007926 0.008068
0.008009 0.008515 0.008657
0.008495 0.009085 0.009245
0.008979 0.009645 0.009816
0.009486 0.010216 0.010406
0.010036 0.010772 0.010952
0.010596 0.011342 0.011516
0.011149 0.011911 0.012088
0.011703 0.012487 0.012660
0.012257 0.013073 0.013245
0.012822 0.013663 0.013822
0.013400 0.014274 0.014401
0.013999 0.014917 0.015002
0.014604 0.015559 0.015587
0.015218 0.016176 0.016138
0.015825 0.016780 0.016683
0.016431 0.017374 0.017216
0.017047 0.017970 0.017753
0.017664 0.018567 0.018297
0.018282 0.019157 0.018838
0.018900 0.019746 0.019379
0.019527 0.020343 0.019930
0.020157 0.020938 0.020483
0.020788 0.021533 0.021038
0.021419 0.022125 0.021590
0.022052 0.022718 0.022146
0.022691 0.023316 0.022710
0.023329 0.023910 0.023269
0.023968 0.024504 0.023834
0.024612 0.025101 0.024402
0.025255 0.025695 0.024970
0.025901 0.026292 0.025545
0.026543 0.026885 0.026117
0.027188 0.027481 0.026695
0.027832 0.028079 0.027279
0.028472 0.028674 0.027856
0.029114 0.029274 0.028442
0.029752 0.029871 0.029023
0.030384 0.030463 0.029599
0.031017 0.031061 0.030181
0.031646 0.031654 0.030753
0.032276 0.032252 0.031330
0.032910 0.032854 0.031908
0.033545 0.033457 0.032484
0.034189 0.034069 0.033069
0.034833 0.034679 0.033647
0.035488 0.035298 0.034233
0.036145 0.035919 0.034818
0.036804 0.036537 0.035394
0.037475 0.037167 0.035984
0.038141 0.037790 0.036560
0.038813 0.038420 0.037139
0.039465 0.039031 0.037777
0.040105 0.039631 0.038426
0.040763 0.040248 0.039081
0.041426 0.040871 0.039727
0.042100 0.041504 0.040372
0.042790 0.042156 0.041023
0.043485 0.042812 0.041662
0.044196 0.043486 0.042309
0.044912 0.044166 0.042948
0.045641 0.044860 0.043588
0.046376 0.045559 0.044263
0.047113 0.046259 0.044933
0.047868 0.046976 0.045613
0.048628 0.047694 0.046289
0.049393 0.048415 0.046964
0.050161 0.049138 0.047644
0.050916 0.049845 0.048328
0.051669 0.050550 0.049026
0.052424 0.051255 0.049725
0.053175 0.051955 0.050417
0.053937 0.052666 0.051123
0.054687 0.053366 0.051833
0.055445 0.054076 0.052553
0.056206 0.054792 0.053277
0.056967 0.055510 0.054000
0.057734 0.056239 0.054748
0.058503 0.056976 0.055498
0.059282 0.057733 0.056266
0.060061 0.058508 0.057063
0.060839 0.059293 0.057869
0.061629 0.060101 0.058701
0.062413 0.060918 0.059552
0.063200 0.061754 0.060423
0.063996 0.062610 0.061321
0.064792 0.063473 0.062229
0.065606 0.064352 0.063150
0.066431 0.065234 0.064074
0.067271 0.066121 0.064994
0.068129 0.067016 0.065922
0.068998 0.067915 0.066845
0.069883 0.068821 0.067777
0.070779 0.069733 0.068709
0.071686 0.070653 0.069650
0.072609 0.071588 0.070606
0.073540 0.072530 0.071566
0.074483 0.073485 0.072543
0.075435 0.074450 0.073530
0.076393 0.075424 0.074527
0.077368 0.076417 0.075548
0.078351 0.077422 0.076580
0.079353 0.078447 0.077635
0.080373 0.079493 0.078715
0.081407 0.080559 0.079816
0.082460 0.081652 0.080948
0.083527 0.082769 0.082108
0.084614 0.083912 0.083298
0.085719 0.085080 0.084517
0.086839 0.086269 0.085758
0.087978 0.087485 0.087036
0.089131 0.088720 0.088343
0.090298 0.089978 0.089684
0.091482 0.091261 0.091063
0.092680 0.092566 0.092474
0.093898 0.093900 0.093926
0.095134 0.095263 0.095415
0.096389 0.096656 0.096938
0.097667 0.098086 0.098498
0.098976 0.099565 0.100091
0.100324 0.101106 0.101728
0.101710 0.102701 0.103403
0.103139 0.104361 0.105119
0.104616 0.106098 0.106884
0.106135 0.107900 0.108684
0.107684 0.109737 0.110524
0.109247 0.111572 0.112397
0.110820 0.113391 0.114296
0.112410 0.115212 0.116236
0.114016 0.117033 0.118207
0.115639 0.118858 0.120218
0.117284 0.120698 0.122269
0.118952 0.122558 0.124355
0.120653 0.124453 0.126495
0.122378 0.126376 0.128673
0.124132 0.128331 0.130898
0.125918 0.130324 0.133176
0.127729 0.132347 0.135489
0.129574 0.134414 0.137860
0.131449 0.136520 0.140278
0.133355 0.138667 0.142749
0.135294 0.140863 0.145285
0.137251 0.143096 0.147865
0.139241 0.145393 0.150536
0.141253 0.147758 0.153305
0.143293 0.150189 0.156163
0.145369 0.152703 0.159135
0.147462 0.155288 0.162194
0.149587 0.157974 0.165385
0.151751 0.160747 0.168671
0.153962 0.163560 0.171981
0.156252 0.166418 0.175325
0.158594 0.169294 0.178646
0.161006 0.172220 0.182001
0.163481 0.175194 0.185389
0.166004 0.178193 0.188768
0.168602 0.181266 0.192220
0.171245 0.184381 0.195698
0.173942 0.187551 0.199232
0.176702 0.190787 0.202846
0.179488 0.194044 0.206470
0.182337 0.197362 0.210177
0.185214 0.200700 0.213902
0.188135 0.204083 0.217662
0.191124 0.207544 0.221512
0.194144 0.211036 0.225351
0.197245 0.214622 0.229291
0.200408 0.218275 0.233260
0.203643 0.222006 0.237258
0.206973 0.225845 0.241354
0.210355 0.229732 0.245422
0.213851 0.233747 0.249591
0.217441 0.237864 0.253803
0.221090 0.242039 0.258027
0.224802 0.246291 0.262382
0.228476 0.250498 0.266701
0.232183 0.254754 0.271141
0.235912 0.259046 0.275669
0.239647 0.263344 0.280201
0.243445 0.267718 0.284882
0.247246 0.272085 0.289536
0.251116 0.276526 0.294283
0.255052 0.281038 0.299122
0.258998 0.285543 0.303902
0.263041 0.290156 0.308830
0.267110 0.294780 0.313726
0.271246 0.299465 0.318685
0.275471 0.304243 0.323767
0.279694 0.308991 0.328745
0.284024 0.313857 0.333887
0.288394 0.318744 0.339008
0.292821 0.323676 0.344147
0.297363 0.328728 0.349436
0.301912 0.333744 0.354586
0.306588 0.338891 0.359903
0.311329 0.344087 0.365234
0.316124 0.349312 0.370544
0.321079 0.354704 0.376059
0.326048 0.360060 0.381416
0.331155 0.365554 0.386931
0.336375 0.371143 0.392511
0.341656 0.376755 0.398026
0.347141 0.382581 0.403798
0.352679 0.388407 0.409436
0.358391 0.394400 0.415232
0.364258 0.400532 0.421154
0.370197 0.406686 0.426980
0.376362 0.413067 0.433076
0.382588 0.419449 0.439047
0.388990 0.425995 0.445165
0.395611 0.432750 0.451487
0.402312 0.439505 0.457629
0.409320 0.446580 0.464123
0.416500 0.453786 0.470581
0.423898 0.461185 0.477137
0.431621 0.468908 0.484030
0.439454 0.476651 0.490726
0.447654 0.484751 0.497795
0.456115 0.493049 0.504925
0.464903 0.501590 0.512168
0.474170 0.510583 0.519870
0.483639 0.519668 0.527402
0.493626 0.529221 0.535394
0.504018 0.539085 0.543606
0.514784 0.549215 0.551950
0.526212 0.559929 0.560948
0.537931 0.570829 0.569972
0.550356 0.582319 0.579655
0.563426 0.594380 0.589910
0.576994 0.606861 0.600498
0.591523 0.620177 0.612096
0.606499 0.633875 0.624069
0.622640 0.648682 0.637476
0.639767 0.664444 0.652101
0.657662 0.680767 0.667120
0.677386 0.698592 0.683927
0.699448 0.718500 0.703392
0.723026 0.740104 0.724486
0.752971 0.767604 0.753891
0.782432 0.795133 0.781430
0.815813 0.826088 0.812815
0.872903 0.878322 0.870928
0.937368 0.940553 0.935474
1.000000 1.000000 1.000000
