3018
0.024450 0.018445 0.012366
0.083779 0.053969 0.046977
0.006749 0.017083 0.090985
0.060194 0.117134 0.124123
0.008253 0.037825 0.076897
0.100522 0.019482 0.024935
0.071420 0.011654 0.007233
0.038497 0.075468 0.079360
0.006247 0.037847 0.011528
0.101415 0.137587 0.006786
0.025972 0.044015 0.098884
0.024233 0.114243 0.019741
0.080818 0.018382 0.068524
0.100022 0.092073 0.004224
0.006557 0.008974 0.009438
0.005781 0.007328 0.007805
0.005744 0.007193 0.007884
0.006490 0.008894 0.009567
0.039477 0.007735 0.027002
0.066639 0.040019 0.096343
0.021307 0.006215 0.044058
0.004346 0.011210 0.014754
0.010848 0.012440 0.011326
0.005812 0.007829 0.008300
0.011923 0.009278 0.020007
0.017887 0.020006 0.084291
0.004075 0.008305 0.027138
0.004121 0.009835 0.019820
0.012667 0.053871 0.128925
0.008129 0.010348 0.011351
0.057735 0.120504 0.162328
0.106225 0.109726 0.131104
0.024158 0.137596 0.140144
0.108355 0.109521 0.112256
0.051109 0.137006 0.073333
0.093406 0.044292 0.023202
0.004062 0.007744 0.048232
0.091571 0.171209 0.182181
0.006532 0.007388 0.008065
0.107762 0.076939 0.059837
0.004725 0.014009 0.012062
0.005747 0.007487 0.007924
0.005856 0.015354 0.084487
0.060130 0.112390 0.121147
0.011738 0.016819 0.017739
0.065858 0.059502 0.034320
0.007543 0.009780 0.010670
0.007545 0.033402 0.076552
0.093215 0.015473 0.018858
0.064510 0.006455 0.004463
0.034069 0.028959 0.012004
0.004881 0.034493 0.009466
0.011927 0.008821 0.022505
0.094191 0.116512 0.003574
0.075369 0.062969 0.051199
0.077278 0.053009 0.044877
0.005342 0.007706 0.007852
0.023326 0.037618 0.091831
0.021417 0.104666 0.014171
0.075725 0.013651 0.060280
0.052013 0.023047 0.007135
0.024029 0.020997 0.008974
0.006258 0.008252 0.008490
0.007074 0.009425 0.010241
0.085628 0.046035 0.033166
0.088565 0.052023 0.033509
0.063875 0.056082 0.010700
0.104064 0.120741 0.093770
0.041394 0.156823 0.135886
0.077409 0.117116 0.152721
0.035654 0.126612 0.163082
0.007867 0.010023 0.010110
0.016411 0.079703 0.010651
0.006036 0.007158 0.007665
0.021908 0.008395 0.009207
0.094426 0.038410 0.055197
0.105153 0.043855 0.039925
0.041874 0.070504 0.005664
0.006217 0.007329 0.007676
0.077320 0.008495 0.020488
0.012160 0.008184 0.011425
0.078160 0.006826 0.007516
0.012770 0.009529 0.007430
0.005797 0.007413 0.007178
0.090615 0.170526 0.180930
0.006186 0.006934 0.007064
0.088596 0.163170 0.174256
0.005975 0.007140 0.007352
0.085066 0.153108 0.164010
0.030730 0.023473 0.015370
0.103397 0.067232 0.058273
0.007927 0.021749 0.117368
0.075429 0.147558 0.159871
0.011165 0.047833 0.095770
0.125319 0.024674 0.032186
0.089511 0.014583 0.009576
0.007849 0.048116 0.014574
0.125849 0.174996 0.012089
0.027818 0.052161 0.055168
0.032289 0.054602 0.122038
0.030114 0.144694 0.026245
0.099960 0.023409 0.085824
0.014463 0.027829 0.029899
0.124670 0.114165 0.008161
0.008215 0.011075 0.011927
0.006913 0.009232 0.010196
0.006782 0.009145 0.010177
0.007969 0.010718 0.011911
0.051380 0.008760 0.034543
0.082491 0.050965 0.119483
0.027084 0.007066 0.060564
0.004567 0.013723 0.018946
0.012789 0.015969 0.014097
0.007060 0.009478 0.010699
0.014671 0.011329 0.025957
0.023001 0.025517 0.103870
0.004465 0.012118 0.026393
0.015809 0.066885 0.171374
0.010069 0.012963 0.014521
0.071470 0.153024 0.203409
0.133047 0.137625 0.167813
0.030503 0.172993 0.182100
0.136174 0.138066 0.140621
0.062511 0.172734 0.093337
0.116634 0.055224 0.030345
0.102013 0.063281 0.056159
0.110804 0.196389 0.208532
0.031100 0.019402 0.011245
0.004002 0.009326 0.064121
0.007219 0.009499 0.010263
0.134292 0.095625 0.074486
0.147392 0.075090 0.063600
0.004961 0.017700 0.015229
0.007046 0.009448 0.010741
0.101014 0.066480 0.053990
0.006955 0.019305 0.110684
0.082252 0.074438 0.043066
0.076319 0.077910 0.055163
0.010731 0.041455 0.094693
0.116753 0.019543 0.025203
0.084099 0.007375 0.006839
0.005100 0.043611 0.011757
0.117029 0.147639 0.007346
0.093154 0.078935 0.063238
0.096104 0.065638 0.054322
0.006954 0.009469 0.010363
0.028944 0.047623 0.112612
0.026659 0.130925 0.019868
0.093448 0.017999 0.074542
0.064428 0.029092 0.008597
0.030173 0.026369 0.010928
0.007979 0.010277 0.010856
0.116424 0.222031 0.231027
0.095133 0.178271 0.192324
0.107669 0.056679 0.042260
0.109607 0.064861 0.042154
0.079144 0.070046 0.014869
0.109551 0.196367 0.206881
0.129381 0.153310 0.116325
0.052044 0.196214 0.174933
0.096379 0.148277 0.191201
0.044916 0.160591 0.205258
0.021066 0.038371 0.040080
0.009811 0.012428 0.013010
0.020728 0.098307 0.014870
0.006922 0.009226 0.009634
0.118129 0.008503 0.004473
0.118487 0.048794 0.067973
0.131841 0.054574 0.050180
0.053183 0.088265 0.008974
0.007071 0.009379 0.009626
0.097654 0.010398 0.026709
0.014785 0.009542 0.014610
0.098626 0.008422 0.009564
0.163829 0.140629 0.005204
0.032772 0.132981 0.005426
0.015732 0.011981 0.009566
0.117070 0.219225 0.229543
0.007013 0.009266 0.009531
0.113930 0.211464 0.224537
0.007162 0.008762 0.009076
0.006824 0.009180 0.009332
0.106589 0.192209 0.203494
0.038506 0.029691 0.019583
0.188714 0.067341 0.006627
0.130157 0.085024 0.073787
0.010523 0.027697 0.153242
0.014101 0.059944 0.119726
0.160598 0.031338 0.040154
0.113473 0.018857 0.012882
0.059737 0.117264 0.123304
0.010122 0.060314 0.020053
0.021997 0.016707 0.049446
0.162439 0.220754 0.018901
0.040332 0.068781 0.161423
0.037525 0.184473 0.033967
0.126749 0.029896 0.107118
0.018116 0.035008 0.037493
0.161953 0.145893 0.013345
0.009896 0.014298 0.015308
0.142763 0.264358 0.281541
0.007918 0.010554 0.011810
0.007797 0.010479 0.011844
0.009833 0.013100 0.014574
0.133022 0.232896 0.248436
0.063361 0.010150 0.045017
0.102296 0.061833 0.150898
0.034109 0.007546 0.079509
0.005030 0.017182 0.023948
0.015040 0.020298 0.017879
0.008642 0.011315 0.012658
0.017677 0.013300 0.033392
0.028471 0.031356 0.128117
0.004063 0.012421 0.045971
0.004514 0.014979 0.033273
0.019948 0.083096 0.221800
0.011541 0.016716 0.017683
0.089802 0.192375 0.254024
0.166695 0.172981 0.207268
0.038131 0.214918 0.226464
0.169427 0.172454 0.175863
0.078350 0.213253 0.116006
0.146354 0.067640 0.037245
0.127804 0.078140 0.068842
0.039024 0.024510 0.013922
0.004529 0.011010 0.085935
0.168818 0.117945 0.092299
0.185683 0.093483 0.079693
0.005315 0.022930 0.019225
0.126576 0.083658 0.068274
0.008634 0.023938 0.143973
0.102578 0.092256 0.051816
0.095234 0.095558 0.069426
0.011033 0.015240 0.016412
0.013386 0.052565 0.118112
0.150722 0.024615 0.031521
0.053989 0.044790 0.020618
0.096614 0.093557 0.068507
0.006344 0.055116 0.015452
0.017729 0.012980 0.038056
0.150319 0.188046 0.012107
0.049033 0.087902 0.094382
0.117178 0.097460 0.078960
0.119074 0.082497 0.068889
0.008834 0.011543 0.012959
0.036384 0.059281 0.144841
0.032941 0.168748 0.026288
0.117987 0.022390 0.093974
0.078865 0.148549 0.162735
0.037238 0.033025 0.013538
0.009989 0.012601 0.013840
0.146853 0.278019 0.293275
0.148662 0.133537 0.007324
0.010380 0.014980 0.016009
0.134209 0.070575 0.051773
0.098093 0.087932 0.020604
0.165042 0.192347 0.148264
0.065021 0.245263 0.218650
0.121908 0.186637 0.236128
0.055396 0.201861 0.257878
0.011517 0.015796 0.016220
0.034497 0.057932 0.062500
0.009225 0.011395 0.012309
0.036203 0.011970 0.014487
0.151713 0.010882 0.006645
0.150211 0.060945 0.086216
0.168864 0.068768 0.062780
0.047999 0.190352 0.004539
0.066393 0.108891 0.014436
0.009176 0.011679 0.012314
0.121891 0.013027 0.033822
0.019039 0.011496 0.019835
0.224586 0.019151 0.012496
0.208005 0.179109 0.010915
0.138624 0.207798 0.007549
0.041409 0.170780 0.009857
0.020148 0.014996 0.011859
0.034083 0.057544 0.061774
0.009377 0.011477 0.012444
0.144377 0.263775 0.280145
0.008938 0.011193 0.011120
0.008981 0.011462 0.011915
0.075734 0.058258 0.040500
0.378963 0.131616 0.024506
0.005294 0.027363 0.261184
0.258627 0.165718 0.147015
0.023156 0.054662 0.367243
0.188030 0.366300 0.403208
0.029149 0.116499 0.257242
0.320229 0.061648 0.081341
0.229846 0.037660 0.030079
0.117367 0.231342 0.246875
0.019277 0.117527 0.042035
0.043461 0.033802 0.099691
0.323597 0.434923 0.044403
0.067474 0.127319 0.134910
0.079571 0.134306 0.332508
0.073516 0.364982 0.071079
0.248648 0.058664 0.227431
0.035242 0.068661 0.076536
0.325596 0.286409 0.035141
0.016029 0.029662 0.032503
0.279669 0.521430 0.560256
0.013673 0.021794 0.025151
0.272657 0.504852 0.547798
0.261844 0.461142 0.495313
0.123335 0.020888 0.089822
0.200879 0.121492 0.304432
0.065789 0.015016 0.167615
0.005157 0.035565 0.053328
0.027256 0.040470 0.036204
0.068046 0.116335 0.128572
0.013643 0.023434 0.027293
0.034302 0.026560 0.073079
0.055720 0.061268 0.289413
0.004402 0.025808 0.109034
0.004527 0.176753 0.467763
0.004748 0.031097 0.077651
0.040451 0.164074 0.441369
0.019936 0.034072 0.037893
0.178688 0.374350 0.502712
0.328052 0.336942 0.412938
0.075877 0.425548 0.457312
0.333615 0.336199 0.349020
0.153368 0.417959 0.227318
0.293629 0.132965 0.073938
0.251677 0.152843 0.135994
0.270699 0.475654 0.509599
0.077180 0.047909 0.029965
0.370421 0.123762 0.017175
0.006715 0.022048 0.228602
0.281736 0.520736 0.553924
0.333311 0.232061 0.185422
0.365212 0.183084 0.159516
0.007249 0.046582 0.038882
0.069642 0.118824 0.130158
0.018171 0.048118 0.348406
0.184723 0.346067 0.384848
0.030725 0.053005 0.058597
0.201935 0.183291 0.103915
0.018910 0.031177 0.034938
0.027055 0.101924 0.258397
0.300004 0.049223 0.062685
0.102851 0.087328 0.041770
0.189676 0.185194 0.135574
0.272723 0.477337 0.511874
0.011984 0.106899 0.035015
0.035120 0.025974 0.086041
0.296963 0.371652 0.034020
0.229444 0.192561 0.155650
0.235179 0.161197 0.135766
0.071232 0.115613 0.305586
0.065462 0.332755 0.054085
0.230702 0.045956 0.195689
0.161093 0.071079 0.028636
0.073206 0.065025 0.030434
0.289655 0.545883 0.582333
0.298533 0.267600 0.027516
0.233842 0.436523 0.478276
0.270214 0.138510 0.103736
0.273866 0.159451 0.105782
0.197271 0.173945 0.041353
0.327190 0.378296 0.286497
0.130594 0.483922 0.436437
0.236967 0.366608 0.471451
0.110848 0.397796 0.508128
0.049186 0.247313 0.041130
0.072801 0.023108 0.029402
0.312159 0.023062 0.018698
0.300404 0.118604 0.174372
0.332701 0.134432 0.126649
0.476554 0.104084 0.014771
0.093584 0.375148 0.024313
0.127252 0.218358 0.033932
0.006779 0.379642 0.041074
0.015262 0.024183 0.026338
0.246910 0.027989 0.070457
0.037940 0.022393 0.041233
0.457264 0.038787 0.032121
0.416773 0.352561 0.033249
0.282194 0.409897 0.030335
0.079729 0.337455 0.030675
0.039857 0.030009 0.022723
0.291646 0.538734 0.571209
0.281974 0.523689 0.554634
0.067887 0.118651 0.126363
0.015074 0.023075 0.023596
0.273825 0.499294 0.531032
0.065438 0.114286 0.121205
0.468800 0.168443 0.032322
0.007798 0.034766 0.349091
0.329168 0.208424 0.184957
0.029753 0.069016 0.464505
0.234773 0.461985 0.509571
0.036863 0.148647 0.328518
0.407015 0.077683 0.103127
0.147885 0.288906 0.312737
0.023743 0.150284 0.051655
0.053805 0.042662 0.122930
0.408971 0.537919 0.061483
0.084991 0.161239 0.173647
0.099981 0.170352 0.416718
0.091863 0.457549 0.093069
0.316296 0.074199 0.289688
0.044261 0.086711 0.094808
0.408487 0.363634 0.047058
0.362166 0.664859 0.723985
0.350574 0.631245 0.710861
0.016292 0.028183 0.032859
0.342717 0.599616 0.675586
0.020105 0.034575 0.039850
0.331261 0.569021 0.621170
0.158179 0.026869 0.112696
0.255241 0.154213 0.390055
0.082865 0.019704 0.235323
0.006813 0.045115 0.068060
0.034096 0.051919 0.046989
0.086149 0.148413 0.167022
0.043392 0.033299 0.091173
0.069178 0.077946 0.368646
0.005603 0.032631 0.137849
0.006993 0.221087 0.587779
0.005640 0.039151 0.097219
0.050301 0.205727 0.545512
0.221002 0.473520 0.623358
0.416472 0.427026 0.523646
0.095903 0.529123 0.560392
0.424701 0.426166 0.443774
0.194585 0.521829 0.281763
0.368898 0.168742 0.095916
0.315333 0.194476 0.172009
0.346985 0.590346 0.639408
0.096200 0.059670 0.037032
0.009724 0.028197 0.312709
0.367714 0.652131 0.724835
0.419291 0.289583 0.230767
0.459615 0.227851 0.198391
0.009400 0.058240 0.051038
0.087664 0.151092 0.168171
0.016722 0.029984 0.034712
0.320633 0.204782 0.170139
0.023884 0.060269 0.448871
0.228896 0.438353 0.486924
0.253890 0.226110 0.132813
0.232965 0.236123 0.172345
0.023107 0.039255 0.044495
0.035040 0.127775 0.325763
0.376869 0.061772 0.080375
0.274586 0.023112 0.026074
0.128416 0.108412 0.052343
0.237522 0.228010 0.170216
0.014819 0.134905 0.043233
0.043283 0.033060 0.104703
0.378336 0.461743 0.045738
0.292100 0.239119 0.196268
0.016900 0.031126 0.034648
0.089235 0.146144 0.385872
0.081220 0.419932 0.071496
0.292804 0.056358 0.249776
0.194983 0.366500 0.400183
0.202673 0.089066 0.036085
0.091033 0.081282 0.037406
0.377086 0.338241 0.035948
0.021313 0.038432 0.043560
0.297901 0.542251 0.590958
0.338149 0.175776 0.131958
0.348305 0.199793 0.133646
0.342673 0.598981 0.645780
0.413592 0.476113 0.366866
0.164594 0.602577 0.541804
0.300765 0.458947 0.590916
0.140605 0.493678 0.642125
0.060898 0.311970 0.053792
0.082512 0.143119 0.156010
0.090411 0.029750 0.037221
0.395687 0.029213 0.024906
0.377216 0.151078 0.215425
0.424812 0.168308 0.159844
0.580827 0.131650 0.022938
0.118655 0.468088 0.031651
0.165266 0.272772 0.043064
0.010567 0.474591 0.054463
0.314069 0.035469 0.087681
0.047612 0.028563 0.054360
0.323831 0.027970 0.039507
0.516240 0.439104 0.045519
0.357827 0.507990 0.039257
0.101018 0.424157 0.038527
0.051117 0.037378 0.028991
0.367409 0.660587 0.715629
0.017969 0.029021 0.030567
0.349920 0.622689 0.681432
0.333200 0.582292 0.649727
0.150270 0.114819 0.080662
0.015876 0.055548 0.554207
0.517190 0.326081 0.286449
0.049115 0.110338 0.713725
0.057617 0.233002 0.517670
0.637837 0.122185 0.165980
0.462823 0.075416 0.060172
0.231328 0.463187 0.499071
0.037352 0.236952 0.086739
0.135143 0.252763 0.270557
0.159978 0.262498 0.648651
0.500600 0.117620 0.454868
0.069086 0.135137 0.152422
0.637278 0.558224 0.088251
0.025764 0.044597 0.052977
0.031423 0.054627 0.064135
0.131704 0.228835 0.257404
0.132841 0.241801 0.266794
0.250469 0.043017 0.192847
0.403296 0.240810 0.609261
0.131756 0.032704 0.392311
0.011350 0.070851 0.106674
0.051680 0.082089 0.071906
0.136146 0.231669 0.263564
0.067206 0.053150 0.142574
0.111245 0.122666 0.553767
0.011322 0.051644 0.253332
0.009945 0.062319 0.156195
0.039724 0.067128 0.078008
0.693285 0.683867 0.729980
0.576846 0.261467 0.152463
0.508969 0.300092 0.266903
0.153866 0.094318 0.058840
0.017745 0.046190 0.509721
0.028516 0.048289 0.054886
0.672899 0.466800 0.365712
0.014992 0.091863 0.080065
0.138985 0.235344 0.265473
0.505765 0.322915 0.264284
0.040639 0.096951 0.675601
0.059452 0.103709 0.115067
0.406761 0.356841 0.206367
0.374389 0.375845 0.266819
0.054087 0.204081 0.508811
0.589056 0.097507 0.128869
0.438307 0.036989 0.043366
0.240723 0.428976 0.475253
0.205430 0.175109 0.085397
0.381737 0.361584 0.262767
0.022978 0.218159 0.070521
0.066833 0.052069 0.176673
0.188475 0.340136 0.377670
0.465091 0.382793 0.308080
0.472939 0.319495 0.268512
0.143358 0.229663 0.586205
0.128580 0.653152 0.120762
0.468545 0.090733 0.405316
0.314157 0.573269 0.649834
0.325510 0.141435 0.056759
0.583989 0.524320 0.065721
0.531117 0.274582 0.206624
0.545353 0.312753 0.205022
0.393943 0.343228 0.094761
0.037419 0.065433 0.067574
0.095871 0.491770 0.093678
0.144537 0.046888 0.059051
0.620880 0.047369 0.040666
0.587580 0.235061 0.338683
0.673329 0.262728 0.246259
0.261972 0.435156 0.075323
0.491915 0.055872 0.142014
0.074432 0.045590 0.084074
0.510569 0.044699 0.063422
0.164749 0.666204 0.071282
0.128827 0.220914 0.241642
0.190397 0.145457 0.102018
0.022061 0.071185 0.713785
0.659607 0.416451 0.368042
0.073912 0.292457 0.646493
0.576357 0.094899 0.078582
0.294776 0.570111 0.635603
0.047448 0.297985 0.111520
0.107299 0.084029 0.272547
0.171205 0.318008 0.346369
0.639197 0.148137 0.557664
0.087491 0.171662 0.193839
0.039923 0.074035 0.084514
0.162123 0.287362 0.325003
0.040118 0.068975 0.080883
0.316885 0.054288 0.247631
0.166802 0.041232 0.495825
0.015113 0.089674 0.133885
0.064960 0.102176 0.091987
0.172197 0.292422 0.330664
0.084971 0.066671 0.193575
0.141871 0.155949 0.722734
0.015120 0.065136 0.334073
0.013286 0.078845 0.213568
0.049665 0.084676 0.097144
0.641653 0.384657 0.343426
0.170940 0.310002 0.346303
0.194761 0.118611 0.076027
0.024442 0.058865 0.635848
0.019388 0.114936 0.100520
0.175133 0.299257 0.334517
0.034571 0.060041 0.071932
0.638356 0.409516 0.340100
0.074619 0.131497 0.147729
0.512108 0.453987 0.257496
0.466477 0.476801 0.341796
0.045580 0.079054 0.089619
0.069179 0.255080 0.635569
0.301320 0.533522 0.592254
0.111486 0.201694 0.222184
0.261186 0.219060 0.109987
0.480705 0.456348 0.337805
0.029324 0.273257 0.092441
0.085661 0.065130 0.229192
0.235848 0.430862 0.477257
0.577444 0.483267 0.394126
0.588211 0.406440 0.340411
0.169604 0.289795 0.322682
0.034132 0.061865 0.072252
0.582085 0.115005 0.497888
0.039049 0.066861 0.075462
0.042888 0.076756 0.088008
0.692208 0.347385 0.261459
0.715018 0.397419 0.258227
0.492824 0.433779 0.120809
0.349446 0.608443 0.690081
0.126218 0.234318 0.257395
0.122368 0.611386 0.120457
0.165556 0.281180 0.310153
0.184162 0.058639 0.075000
0.328705 0.542064 0.102240
0.616839 0.070785 0.184926
0.093585 0.057070 0.105423
0.649952 0.055923 0.082492
0.098598 0.075352 0.058333
0.163393 0.278545 0.306195
0.170535 0.297430 0.319451
0.019675 0.014748 0.010096
0.066734 0.043175 0.036712
0.005747 0.013271 0.067447
0.006412 0.030329 0.061346
0.056540 0.009795 0.005665
0.005959 0.030226 0.008832
0.011737 0.009076 0.021375
0.020641 0.034834 0.080606
0.019568 0.092389 0.014271
0.064897 0.014223 0.054572
0.011047 0.016987 0.017787
0.005288 0.007169 0.007483
0.071712 0.136893 0.143403
0.017397 0.031201 0.033184
0.004947 0.005560 0.006304
0.005492 0.006745 0.007284
0.031184 0.006720 0.020952
0.053372 0.032485 0.077861
0.017000 0.005701 0.032954
0.008783 0.010073 0.008957
0.005210 0.005844 0.006573
0.009543 0.007697 0.015505
0.014591 0.016081 0.064381
0.009881 0.042938 0.104199
0.006621 0.008461 0.009097
0.046123 0.097675 0.124719
0.085666 0.088560 0.105111
0.019809 0.109141 0.111440
0.087007 0.088636 0.090439
0.040476 0.108270 0.058023
0.075646 0.035249 0.017380
0.066455 0.040208 0.034950
0.019731 0.012150 0.007985
0.005296 0.005936 0.006529
0.086287 0.061746 0.047965
0.093419 0.048372 0.040916
0.004436 0.010833 0.009461
0.005187 0.005878 0.006513
0.005408 0.012042 0.063026
0.048220 0.090787 0.098334
0.010290 0.012855 0.014122
0.053351 0.047859 0.026798
0.005875 0.007743 0.008024
0.006277 0.026826 0.060497
0.075011 0.012328 0.014558
0.050899 0.005754 0.004556
0.013170 0.020802 0.021888
0.027448 0.023028 0.010070
0.004947 0.027264 0.007811
0.009561 0.007133 0.017009
0.018809 0.031308 0.032879
0.025804 0.045515 0.048580
0.005101 0.005797 0.006524
0.018394 0.030404 0.074046
0.017003 0.084883 0.009725
0.060249 0.010817 0.046219
0.011392 0.016539 0.017149
0.041457 0.076440 0.082462
0.005618 0.006247 0.006968
0.073537 0.142739 0.148810
0.005401 0.007671 0.008104
0.069474 0.036416 0.026148
0.051535 0.045005 0.007572
0.084680 0.096980 0.075764
0.033782 0.124171 0.107724
0.062251 0.094635 0.117873
0.028274 0.101994 0.124119
0.014297 0.024395 0.025586
0.006387 0.008037 0.007921
0.013518 0.063134 0.007020
0.005102 0.005752 0.006352
0.017439 0.006958 0.007428
0.077062 0.031382 0.044154
0.084614 0.035210 0.032154
0.034239 0.056272 0.004252
0.005232 0.005892 0.006467
0.060906 0.007199 0.015268
0.009760 0.006646 0.009448
0.109858 0.009085 0.004097
0.009885 0.007997 0.006346
0.017753 0.029046 0.030986
0.005180 0.005861 0.006356
0.072605 0.135579 0.142107
0.004958 0.005854 0.005734
0.005074 0.005977 0.005825
0.068759 0.121748 0.126633
0.299824 0.228562 0.163717
0.074606 0.475425 0.177326
0.170112 0.134199 0.423857
0.270209 0.505159 0.546612
0.138891 0.268727 0.300529
0.062545 0.115973 0.131740
0.051101 0.088365 0.105784
0.256777 0.453160 0.518644
0.061979 0.108229 0.125585
0.264201 0.481681 0.541992
0.503698 0.087440 0.400750
0.023877 0.142061 0.226171
0.101518 0.162387 0.145911
0.270598 0.465828 0.535280
0.052931 0.093599 0.111294
0.135616 0.104998 0.305656
0.026018 0.103157 0.527014
0.022998 0.123921 0.348687
0.077775 0.132796 0.157244
0.308080 0.188263 0.123775
0.030451 0.185157 0.164568
0.276016 0.477746 0.530158
0.118640 0.207250 0.232225
0.175917 0.315083 0.353347
0.418221 0.347736 0.170321
0.045705 0.435119 0.149805
0.135275 0.103212 0.362951
0.053124 0.097505 0.112504
0.144491 0.253203 0.288272
0.642404 0.276431 0.123688
0.290766 0.253264 0.125784
0.066312 0.119822 0.137262
0.200786 0.371787 0.410904
0.074277 0.128800 0.133442
0.262051 0.449265 0.497280
0.292810 0.092101 0.120831
0.055437 0.096385 0.105910
0.148091 0.089404 0.175866
0.157778 0.117581 0.091878
0.054873 0.091409 0.097913
0.012786 0.012842 0.026044
0.197413 0.052079 0.012573
0.027588 0.023309 0.037790
0.041915 0.042012 0.029032
0.170243 0.018642 0.024697
0.051287 0.108704 0.036616
0.015484 0.051185 0.038856
0.015218 0.009888 0.004595
0.012667 0.008235 0.004130
0.012682 0.008052 0.004567
0.065132 0.039030 0.012625
0.015048 0.009616 0.004838
0.156775 0.043020 0.036211
0.045865 0.008076 0.019679
0.015560 0.043840 0.057043
0.025986 0.068640 0.047950
0.012298 0.011939 0.007724
0.019209 0.072747 0.035268
0.024003 0.013352 0.004390
0.012690 0.008513 0.004311
0.049528 0.025066 0.032986
0.011489 0.010917 0.013114
0.042319 0.064867 0.051525
0.011538 0.011240 0.009628
0.011779 0.051597 0.025031
0.035118 0.074645 0.012237
0.018435 0.011329 0.005146
0.128970 0.143443 0.049062
0.181424 0.135065 0.024766
0.009593 0.058403 0.010685
0.013198 0.011498 0.024005
0.013744 0.008502 0.004424
0.262219 0.073530 0.018716
0.271144 0.056389 0.015089
0.014639 0.014825 0.005285
0.012802 0.008323 0.004258
0.029363 0.017528 0.006139
0.162729 0.056932 0.004979
0.023156 0.075065 0.019044
0.016829 0.010332 0.004717
0.037716 0.037180 0.029638
0.271807 0.161176 0.059059
0.012283 0.008330 0.004552
0.014695 0.009087 0.004723
0.048798 0.103169 0.035463
0.008876 0.044247 0.036964
0.016158 0.010264 0.004968
0.196491 0.042111 0.005291
0.176466 0.161242 0.047037
0.221842 0.121046 0.053705
0.147159 0.133450 0.056891
0.017421 0.010634 0.004555
0.012282 0.008115 0.004271
0.233028 0.039731 0.009182
0.013079 0.008416 0.004195
0.152283 0.005920 0.003782
0.012923 0.008255 0.004021
0.012364 0.007985 0.003909
0.012435 0.008122 0.004340
0.034898 0.029365 0.049530
0.053329 0.053199 0.036479
0.267717 0.019996 0.006295
0.150501 0.096502 0.036059
0.097249 0.061029 0.048052
0.064087 0.137581 0.044784
0.018456 0.063705 0.050326
0.015998 0.009995 0.004953
0.016016 0.009947 0.004943
0.018798 0.011599 0.005352
0.195303 0.054272 0.046071
0.059138 0.009456 0.025922
0.020399 0.055192 0.070752
0.032697 0.086688 0.059539
0.015127 0.015466 0.008693
0.024286 0.090723 0.044257
0.030418 0.017080 0.004258
0.016742 0.010310 0.005261
0.062840 0.031383 0.041678
0.014326 0.013961 0.016652
0.052155 0.082268 0.064740
0.014213 0.014166 0.012061
0.074628 0.076556 0.064380
0.014752 0.064746 0.032577
0.045221 0.093288 0.016993
0.357459 0.141754 0.060834
0.164351 0.181168 0.063780
0.357156 0.140371 0.049905
0.225571 0.172528 0.031748
0.011481 0.073571 0.014568
0.016688 0.010105 0.005122
0.343217 0.071301 0.021511
0.017583 0.018849 0.005344
0.016064 0.010127 0.005009
0.030349 0.026805 0.047795
0.233032 0.147260 0.055263
0.028089 0.093761 0.026040
0.021516 0.012834 0.005841
0.370165 0.228567 0.089187
0.047905 0.047361 0.037276
0.150176 0.091171 0.035080
0.198159 0.074393 0.016237
0.344883 0.201858 0.078063
0.117635 0.072772 0.027723
0.231970 0.076545 0.021076
0.228634 0.063805 0.016793
0.016172 0.010196 0.005125
0.086165 0.053469 0.044020
0.198563 0.018082 0.027814
0.044783 0.027371 0.008361
0.198488 0.121990 0.046003
0.017944 0.011113 0.005010
0.370771 0.229047 0.089549
0.061137 0.129981 0.043450
0.011777 0.055331 0.047557
0.020498 0.012491 0.006050
0.358696 0.152162 0.039625
0.220524 0.202975 0.061882
0.188904 0.170052 0.073223
0.022526 0.013312 0.005307
0.016119 0.009746 0.004895
0.270310 0.046967 0.023659
0.016284 0.010144 0.004622
0.197255 0.007617 0.005515
0.016079 0.009889 0.004943
0.015759 0.009632 0.004608
0.080057 0.048264 0.016244
0.016080 0.009825 0.004812
0.019101 0.020761 0.045206
0.314673 0.081904 0.026049
0.043512 0.036733 0.062449
0.035677 0.107695 0.005912
0.066080 0.066674 0.046296
0.053919 0.019055 0.018569
0.106043 0.067676 0.024515
0.272916 0.030361 0.041013
0.056001 0.036195 0.010923
0.080112 0.175134 0.057141
0.023392 0.080068 0.062846
0.020167 0.012121 0.005696
0.101058 0.062864 0.023462
0.445350 0.266885 0.109308
0.019148 0.012319 0.005741
0.024301 0.014517 0.005882
0.129403 0.010814 0.015436
0.074409 0.011396 0.032812
0.024848 0.069145 0.089410
0.040695 0.107209 0.075699
0.030228 0.113228 0.054954
0.037836 0.021425 0.004128
0.021007 0.012954 0.005850
0.043516 0.015525 0.013172
0.078864 0.039072 0.052349
0.017233 0.017395 0.021865
0.064277 0.102172 0.082038
0.017353 0.018080 0.015527
0.017642 0.081026 0.040573
0.055686 0.116741 0.024105
0.300881 0.202650 0.095912
0.448278 0.178561 0.079026
0.204616 0.225894 0.083650
0.450207 0.176726 0.065514
0.286770 0.214489 0.039194
0.014354 0.091689 0.020165
0.019429 0.018141 0.040713
0.021540 0.012675 0.005727
0.419269 0.115605 0.033466
0.434588 0.089076 0.029082
0.022323 0.024450 0.005862
0.020395 0.012434 0.005964
0.037890 0.033633 0.060592
0.262872 0.089093 0.015288
0.036097 0.116858 0.033261
0.061337 0.059294 0.046815
0.313205 0.019269 0.006668
0.067101 0.132410 0.004580
0.019808 0.012542 0.006007
0.109756 0.066655 0.055850
0.035305 0.129317 0.005797
0.466337 0.284904 0.115381
0.076726 0.165863 0.055016
0.014051 0.069955 0.060251
0.380669 0.229970 0.092747
0.316361 0.067185 0.015178
0.453972 0.191166 0.051624
0.280565 0.250748 0.081054
0.364376 0.194696 0.090073
0.231659 0.213073 0.095128
0.215956 0.129585 0.048121
0.028134 0.017067 0.005431
0.099726 0.060138 0.021309
0.019942 0.012184 0.005723
0.377508 0.063463 0.020468
0.021162 0.012249 0.005880
0.252604 0.009411 0.009079
0.042610 0.011673 0.006969
0.099230 0.059244 0.021585
0.020575 0.012268 0.005805
0.452983 0.272382 0.109505
0.020294 0.011781 0.005500
0.436170 0.260711 0.105196
0.020374 0.012192 0.005632
0.414635 0.245885 0.099657
0.037753 0.041195 0.091951
0.623453 0.163250 0.052929
0.085527 0.072962 0.120658
0.069621 0.218283 0.023472
0.597577 0.379296 0.152595
0.129795 0.130014 0.091327
0.665930 0.052602 0.030836
0.467915 0.028757 0.004428
0.381641 0.242066 0.095960
0.105016 0.116708 0.008383
0.243014 0.151753 0.120479
0.363734 0.354200 0.022537
0.539218 0.060119 0.084470
0.158029 0.345356 0.121940
0.046646 0.158785 0.123462
0.048744 0.030986 0.009775
0.206733 0.122451 0.047112
0.266151 0.022852 0.035376
0.493924 0.134371 0.118476
0.147767 0.024866 0.067435
0.050196 0.135429 0.181318
0.079342 0.214558 0.152886
0.035710 0.039888 0.019697
0.058607 0.226783 0.112648
0.076362 0.042750 0.009682
0.042571 0.025929 0.008461
0.086244 0.031678 0.028455
0.156000 0.078061 0.102596
0.032514 0.034858 0.046004
0.125832 0.202795 0.160359
0.033280 0.036377 0.031890
0.185227 0.190031 0.158759
0.035452 0.161199 0.081057
0.107752 0.234158 0.048009
0.411827 0.449197 0.166326
0.562431 0.426438 0.093829
0.664764 0.124534 0.027848
0.026855 0.184647 0.042248
0.038013 0.036209 0.085908
0.042956 0.049138 0.011681
0.074914 0.066162 0.117454
0.048031 0.196562 0.011280
0.069958 0.234350 0.066833
0.118722 0.116118 0.091838
0.263317 0.084859 0.009665
0.506590 0.184644 0.048450
0.128538 0.267425 0.022956
0.084458 0.107044 0.005052
0.085331 0.030563 0.032993
0.300437 0.182345 0.069922
0.581062 0.193820 0.057524
0.026611 0.202135 0.010521
0.217414 0.131547 0.110223
0.329481 0.322472 0.014496
0.503041 0.046978 0.073998
0.068288 0.261500 0.023690
0.150386 0.327797 0.117917
0.027744 0.137405 0.118173
0.621700 0.132121 0.037070
0.654830 0.152918 0.037042
0.491262 0.164214 0.009492
0.552198 0.496981 0.160199
0.466709 0.421941 0.187125
0.684520 0.115443 0.064343
0.226023 0.361544 0.005834
0.214430 0.129955 0.047482
0.499800 0.020488 0.025991
0.086750 0.023480 0.013716
0.505324 0.011726 0.006561
0.199455 0.115317 0.043995
0.217994 0.128366 0.047915
0.232980 0.071074 0.014420
0.047736 0.052224 0.114638
0.107227 0.091245 0.157605
0.087582 0.272967 0.030692
0.165579 0.165053 0.116596
0.578085 0.037109 0.008415
0.479784 0.298593 0.122401
0.130960 0.148499 0.013496
0.268096 0.168439 0.062439
0.305332 0.190775 0.152454
0.702084 0.076141 0.107698
0.199607 0.433585 0.150263
0.057492 0.199657 0.158772
0.052452 0.031367 0.010709
0.340483 0.028945 0.045709
0.616781 0.170407 0.146725
0.187846 0.031120 0.085526
0.061877 0.172375 0.227921
0.100080 0.266579 0.191499
0.044852 0.050723 0.025946
0.073196 0.282832 0.142826
0.267443 0.156742 0.061393
0.054127 0.032886 0.010975
0.108455 0.039308 0.035702
0.197084 0.096947 0.128816
0.040581 0.043683 0.058331
0.157856 0.253989 0.200750
0.231043 0.237314 0.200259
0.043753 0.202782 0.103513
0.136529 0.293879 0.062912
0.515886 0.555047 0.203436
0.033354 0.232053 0.054227
0.229836 0.057746 0.007858
0.048544 0.045916 0.105517
0.055034 0.061364 0.016303
0.092607 0.084082 0.148848
0.060198 0.246265 0.019070
0.655318 0.224418 0.048424
0.087658 0.294476 0.086706
0.150676 0.146078 0.114267
0.474553 0.280192 0.118758
0.165102 0.336697 0.030020
0.269940 0.167700 0.063295
0.106861 0.134937 0.009142
0.105501 0.038433 0.041596
0.032378 0.253286 0.017130
0.273611 0.166496 0.141028
0.410678 0.406383 0.024119
0.628157 0.058155 0.094320
0.621235 0.384153 0.155044
0.460468 0.081710 0.006307
0.233433 0.078886 0.006531
0.086523 0.331821 0.031570
0.188037 0.410214 0.145586
0.034231 0.174166 0.153367
0.601339 0.205921 0.018648
0.702128 0.617770 0.219992
0.583457 0.526012 0.230377
0.200445 0.122639 0.046383
0.072123 0.042864 0.012560
0.198152 0.027064 0.009702
0.496077 0.441625 0.005786
0.484368 0.260034 0.010632
0.288368 0.452700 0.014971
0.625662 0.027436 0.033790
0.108848 0.029644 0.018659
0.623828 0.016182 0.011152
0.448447 0.402630 0.009205
0.117260 0.036527 0.005228
0.375199 0.110881 0.028775
0.074431 0.081863 0.191812
0.170937 0.144090 0.244809
0.138287 0.433581 0.049819
0.260509 0.255688 0.184779
0.212187 0.234488 0.028386
0.491012 0.295865 0.238108
0.721431 0.704647 0.066770
0.317219 0.707701 0.231043
0.091337 0.312535 0.250835
0.407484 0.241279 0.101488
0.411054 0.241731 0.102363
0.535771 0.046165 0.072708
0.296443 0.049607 0.134582
0.098830 0.265926 0.361588
0.158634 0.425930 0.297062
0.069967 0.079766 0.042042
0.116204 0.451459 0.222130
0.152452 0.084486 0.026135
0.429888 0.245222 0.104418
0.084515 0.051990 0.020291
0.174738 0.061817 0.055908
0.309569 0.153783 0.205785
0.064412 0.067862 0.092200
0.249509 0.405066 0.319821
0.372395 0.375845 0.316348
0.068636 0.318225 0.166530
0.215296 0.466307 0.108009
0.052451 0.367384 0.092746
0.374817 0.091154 0.019646
0.074857 0.071644 0.176834
0.086999 0.051644 0.019327
0.085213 0.096198 0.029717
0.147484 0.131353 0.239949
0.093812 0.391460 0.034300
0.138007 0.468473 0.137230
0.261354 0.526801 0.052429
0.173041 0.216811 0.022341
0.170807 0.060438 0.065257
0.418853 0.247653 0.101358
0.587529 0.359936 0.145381
0.052121 0.403699 0.032678
0.419113 0.238913 0.099127
0.439880 0.257786 0.217942
0.637518 0.626035 0.046810
0.375572 0.122983 0.018176
0.137141 0.514026 0.053065
0.300454 0.650046 0.222836
0.054030 0.271057 0.245170
0.318273 0.196038 0.076643
0.112289 0.068130 0.024527
0.480962 0.477260 0.032331
0.319229 0.042934 0.019873
0.175662 0.046814 0.031332
0.708606 0.613404 0.030432
0.093632 0.102185 0.242701
0.212643 0.181955 0.310069
0.175753 0.533877 0.067356
0.330677 0.323145 0.228904
0.268520 0.296456 0.036136
0.269252 0.094575 0.099032
0.613476 0.375149 0.300482
0.116294 0.393346 0.314736
0.510722 0.305571 0.128122
0.685448 0.057441 0.093752
0.372947 0.062329 0.178590
0.124427 0.337170 0.450713
0.197719 0.528210 0.375906
0.087288 0.098867 0.051668
0.147472 0.557608 0.276924
0.195319 0.104853 0.033633
0.105516 0.064877 0.027257
0.216993 0.078113 0.071566
0.392701 0.191923 0.259010
0.079909 0.086385 0.114494
0.312970 0.505937 0.406737
0.081799 0.091833 0.079442
0.470164 0.471784 0.403011
0.086211 0.401119 0.207956
0.271655 0.573220 0.131198
0.066716 0.459395 0.118701
0.467685 0.113881 0.027304
0.093546 0.090294 0.223082
0.106454 0.120057 0.036455
0.536948 0.309831 0.131398
0.185254 0.165258 0.298192
0.231267 0.138744 0.053361
0.172722 0.575840 0.170810
0.299172 0.287106 0.227243
0.349619 0.210645 0.086266
0.655548 0.214036 0.039190
0.334881 0.660408 0.073488
0.216004 0.269562 0.029929
0.214165 0.075931 0.082907
0.520752 0.310285 0.127281
0.066981 0.500433 0.042301
0.542724 0.328123 0.274062
0.471618 0.156340 0.026547
0.174007 0.646982 0.073076
0.068019 0.342157 0.309661
0.128111 0.080269 0.032762
0.595466 0.581802 0.045050
0.507711 0.290013 0.121404
0.220513 0.058670 0.039272
0.498699 0.294643 0.120381
0.010071 0.010441 0.019739
0.154008 0.041131 0.007890
0.033351 0.033585 0.023161
0.094403 0.061933 0.021638
0.062116 0.038623 0.030394
0.040441 0.087726 0.028752
0.012140 0.040000 0.031103
0.011752 0.007988 0.004332
0.009829 0.006730 0.003722
0.009797 0.006654 0.003628
0.216133 0.131057 0.047818
0.011683 0.007644 0.004492
0.063026 0.006085 0.006757
0.034939 0.007114 0.015294
0.020764 0.055068 0.037117
0.009866 0.009576 0.005923
0.015585 0.058045 0.027403
0.018288 0.010677 0.004246
0.010057 0.007122 0.003648
0.020403 0.008744 0.007583
0.039724 0.019737 0.025537
0.009319 0.008789 0.010296
0.033617 0.051997 0.040492
0.009270 0.008946 0.008253
0.008685 0.040712 0.019335
0.028133 0.059593 0.008540
0.014572 0.009284 0.004897
0.150251 0.101410 0.045838
0.221059 0.089929 0.037731
0.102805 0.113589 0.039442
0.222700 0.089034 0.032604
0.141525 0.107362 0.017966
0.007283 0.046607 0.007620
0.010247 0.009238 0.017641
0.010433 0.006878 0.003728
0.010021 0.006727 0.003728
0.149293 0.040594 0.006766
0.019490 0.016804 0.028897
0.023008 0.013944 0.005329
0.018880 0.059912 0.014038
0.013243 0.008606 0.004383
0.232164 0.146128 0.051753
0.030751 0.029798 0.023508
0.020456 0.008606 0.008293
0.053174 0.032204 0.008924
0.075710 0.046740 0.014881
0.145301 0.049091 0.009811
0.009962 0.006890 0.003662
0.055842 0.033698 0.027570
0.124003 0.078476 0.029980
0.011103 0.007463 0.004270
0.038477 0.083456 0.028113
0.007174 0.034888 0.029241
0.012787 0.008407 0.004184
0.054608 0.034070 0.009450
0.222758 0.095485 0.025746
0.138667 0.126641 0.037663
0.039783 0.025073 0.007073
0.013935 0.008937 0.004443
0.009970 0.006713 0.003529
0.010538 0.006731 0.003691
0.019850 0.007232 0.004658
0.232426 0.143860 0.050990
0.010098 0.006823 0.003671
0.216535 0.132449 0.047349
0.010212 0.006676 0.003533
0.150127 0.163167 0.380091
0.342070 0.283576 0.495645
0.523245 0.512178 0.373211
0.431142 0.469204 0.065066
0.428669 0.151728 0.155629
0.184164 0.616558 0.507816
0.587529 0.098885 0.283636
0.138843 0.157827 0.082972
0.308646 0.169705 0.052337
0.170878 0.101592 0.042713
0.349158 0.123068 0.115295
0.613479 0.301373 0.422111
0.127496 0.135648 0.184938
0.127825 0.145750 0.123405
0.137609 0.631577 0.326245
0.150561 0.143614 0.351663
0.172117 0.192828 0.057311
0.294279 0.256279 0.473164
0.478145 0.459707 0.364552
0.548741 0.333577 0.138046
0.350170 0.429145 0.050478
0.341933 0.119088 0.133569
0.450484 0.264812 0.113964
0.108961 0.538518 0.497528
0.636654 0.388597 0.157590
0.632032 0.086358 0.044332
0.168708 0.099714 0.038046
0.353428 0.092820 0.063098
0.393838 0.114180 0.032939
0.169198 0.097457 0.038382
0.010206 0.012276 0.029609
0.166963 0.052935 0.017113
0.022403 0.022783 0.044590
0.014681 0.068913 0.003738
0.034309 0.040996 0.034522
0.027759 0.012091 0.013601
0.055722 0.043016 0.016307
0.063791 0.048735 0.044894
0.145680 0.019469 0.029529
0.036304 0.108402 0.042751
0.009121 0.050322 0.045529
0.012820 0.009809 0.005328
0.010382 0.007933 0.004672
0.229137 0.173081 0.076340
0.010544 0.008099 0.004625
0.012782 0.009276 0.005616
0.130441 0.043402 0.042583
0.038781 0.007995 0.022803
0.010430 0.042548 0.065173
0.010082 0.011685 0.007833
0.011625 0.072084 0.040825
0.020192 0.013235 0.005359
0.011353 0.008496 0.004918
0.022787 0.010361 0.010480
0.041197 0.024527 0.037454
0.008760 0.010451 0.014900
0.031028 0.064657 0.060854
0.010122 0.011111 0.010844
0.050794 0.060082 0.058717
0.005709 0.051302 0.029616
0.025518 0.074985 0.016478
0.015673 0.011297 0.005876
0.152912 0.126682 0.068785
0.233302 0.112704 0.055846
0.101446 0.142767 0.057530
0.232135 0.111689 0.046419
0.144657 0.136202 0.030008
0.010576 0.010999 0.026691
0.011634 0.008475 0.005024
0.229358 0.058158 0.019623
0.012012 0.014495 0.005760
0.011141 0.008181 0.004920
0.153122 0.115730 0.050588
0.134447 0.057926 0.008650
0.128568 0.061618 0.015355
0.015060 0.074743 0.023834
0.013882 0.010308 0.005814
0.239807 0.184813 0.080396
0.031809 0.036555 0.033912
0.166720 0.012739 0.004052
0.129372 0.059552 0.015412
0.021615 0.010275 0.011548
0.153715 0.051939 0.015416
0.010780 0.008338 0.004780
0.055831 0.042247 0.041016
0.132332 0.014533 0.025595
0.127915 0.097698 0.042968
0.012111 0.008985 0.005331
0.240360 0.185022 0.080122
0.035196 0.103131 0.041420
0.013472 0.010211 0.005588
0.196298 0.146951 0.064662
0.167022 0.043632 0.009051
0.173424 0.049922 0.008519
0.234257 0.120324 0.037770
0.139636 0.160765 0.056004
0.188548 0.121009 0.063563
0.117379 0.133961 0.067461
0.014716 0.010943 0.005100
0.053889 0.037847 0.014809
0.010707 0.008132 0.004633
0.181526 0.037967 0.021727
0.201438 0.041159 0.012685
0.011064 0.008397 0.004772
0.131585 0.006650 0.005484
0.021938 0.008460 0.005941
0.023826 0.009916 0.003728
0.011086 0.008228 0.004670
0.010824 0.008054 0.004480
0.010932 0.008146 0.004564
0.012527 0.015527 0.037973
0.028162 0.028799 0.057806
0.018360 0.087003 0.006234
0.196321 0.153852 0.068138
0.043412 0.052222 0.044105
0.228834 0.021556 0.009795
0.035857 0.015153 0.017406
0.080746 0.060822 0.055797
0.186063 0.024863 0.037567
0.045951 0.137420 0.053314
0.011245 0.063098 0.058554
0.016099 0.012268 0.006151
0.013382 0.009918 0.005436
0.013137 0.009834 0.006144
0.016166 0.011568 0.006021
0.272060 0.198099 0.089577
0.090479 0.008792 0.014367
0.167501 0.054621 0.052783
0.050906 0.009367 0.029411
0.012901 0.053991 0.082076
0.021144 0.085736 0.070505
0.012399 0.014627 0.010258
0.013566 0.090532 0.051983
0.013854 0.010293 0.005809
0.052421 0.031122 0.048281
0.011551 0.013106 0.019617
0.038394 0.081236 0.076022
0.012024 0.014008 0.013883
0.061187 0.075831 0.074935
0.007085 0.063874 0.037180
0.031690 0.093922 0.022398
0.193740 0.161924 0.087181
0.296077 0.143373 0.072225
0.127362 0.181907 0.075389
0.185770 0.173470 0.036845
0.227478 0.052343 0.006585
0.004388 0.072983 0.018093
0.012672 0.013635 0.034784
0.014480 0.010277 0.005957
0.279923 0.094162 0.031589
0.014902 0.019047 0.006922
0.013442 0.010233 0.005651
0.024553 0.026118 0.054823
0.175175 0.072902 0.013563
0.017585 0.093851 0.030969
0.018343 0.012723 0.006574
0.166943 0.074871 0.021996
0.038202 0.106316 0.005243
0.098758 0.073335 0.032811
0.198094 0.078430 0.026371
0.195728 0.065386 0.021533
0.070835 0.053359 0.052395
0.171161 0.018957 0.032782
0.016732 0.103713 0.006023
0.015092 0.011289 0.005377
0.043979 0.129623 0.051434
0.004851 0.054761 0.055231
0.017467 0.012576 0.006298
0.178018 0.202491 0.073455
0.233728 0.154900 0.082354
0.149290 0.169430 0.086115
0.013655 0.009841 0.005476
0.228553 0.048520 0.028898
0.013674 0.009900 0.005528
0.171488 0.008526 0.008097
0.030941 0.011961 0.003803
0.065897 0.047654 0.019213
0.013809 0.009604 0.005280
0.013738 0.009821 0.005441
0.272947 0.199315 0.089940
0.076838 0.029042 0.004375
0.014990 0.019999 0.051895
0.264871 0.084025 0.031495
0.035022 0.036064 0.071531
0.023479 0.107830 0.009962
0.054173 0.065539 0.055299
0.045487 0.019074 0.022067
0.100504 0.076254 0.069789
0.140842 0.180247 0.005504
0.234085 0.031522 0.047938
0.046486 0.036176 0.014416
0.057114 0.175559 0.068100
0.014334 0.079108 0.073396
0.020683 0.015220 0.007663
0.017178 0.012258 0.006700
0.362252 0.270485 0.125293
0.017116 0.012160 0.006655
0.112737 0.011399 0.019151
0.208506 0.068593 0.067256
0.064149 0.011308 0.037895
0.015944 0.067357 0.102181
0.027551 0.106380 0.088634
0.015334 0.019525 0.012315
0.017178 0.113123 0.064815
0.032254 0.021525 0.005851
0.017486 0.012852 0.006229
0.036760 0.015668 0.015765
0.066126 0.038506 0.060578
0.048776 0.100863 0.095576
0.014802 0.018022 0.017606
0.077423 0.094506 0.094165
0.009520 0.080717 0.047800
0.039596 0.117062 0.029222
0.243006 0.201834 0.111727
0.377188 0.180452 0.093251
0.163529 0.226563 0.097050
0.375782 0.178510 0.078614
0.229669 0.216888 0.047032
0.004867 0.091746 0.024741
0.015813 0.017314 0.046972
0.371391 0.275167 0.127082
0.018170 0.012433 0.006013
0.354370 0.118750 0.038303
0.371627 0.091893 0.034167
0.017433 0.024528 0.008074
0.017669 0.012458 0.006487
0.030735 0.032899 0.069269
0.013996 0.097314 0.004103
0.038252 0.028293 0.011390
0.022647 0.116876 0.038486
0.051035 0.057590 0.054157
0.269435 0.021059 0.009280
0.048202 0.133649 0.008340
0.036333 0.015117 0.018501
0.087246 0.064026 0.028402
0.247022 0.081848 0.029553
0.017049 0.012650 0.006510
0.088533 0.066804 0.064670
0.021639 0.129914 0.009938
0.019388 0.013729 0.006736
0.054474 0.165425 0.066137
0.005651 0.069111 0.070305
0.267228 0.068600 0.020443
0.281731 0.078761 0.020117
0.376149 0.193861 0.062862
0.221681 0.250512 0.096062
0.187027 0.212648 0.111110
0.065989 0.050494 0.020849
0.023567 0.017010 0.007323
0.017298 0.012230 0.006223
0.066695 0.010672 0.003794
0.326462 0.065868 0.026166
0.017821 0.012390 0.005869
0.036403 0.012060 0.008519
0.380531 0.284301 0.130166
0.017761 0.012357 0.005868
0.017216 0.011910 0.005335
0.017443 0.012228 0.005884
0.029794 0.039743 0.105294
0.531446 0.165098 0.063402
0.068952 0.071509 0.141157
0.045069 0.219453 0.029134
0.494618 0.383961 0.175269
0.104541 0.128476 0.107880
0.574839 0.055391 0.035153
0.416798 0.031407 0.007093
0.311730 0.241325 0.112421
0.083359 0.117510 0.013297
0.089755 0.038183 0.045782
0.199682 0.151003 0.138928
0.286914 0.356482 0.027559
0.473727 0.062498 0.098142
0.090461 0.071849 0.032891
0.111844 0.344045 0.141100
0.666129 0.268615 0.013264
0.028522 0.156876 0.147122
0.169601 0.121857 0.055064
0.173166 0.127915 0.056500
0.230993 0.023510 0.041512
0.418250 0.135499 0.136275
0.125518 0.024370 0.078738
0.032980 0.132947 0.214160
0.052308 0.211930 0.178557
0.027834 0.039630 0.024390
0.034489 0.226099 0.132601
0.063795 0.043467 0.013072
0.034762 0.026094 0.010844
0.128902 0.076480 0.119660
0.025893 0.034061 0.054364
0.094242 0.201780 0.191226
0.026960 0.036629 0.035647
0.148537 0.188464 0.185498
0.018118 0.160654 0.096430
0.077311 0.235993 0.058204
0.487680 0.402979 0.216534
0.325929 0.447847 0.191204
0.466570 0.429485 0.108896
0.571987 0.128217 0.032471
0.523092 0.156158 0.059898
0.010300 0.185271 0.050588
0.029973 0.035020 0.097855
0.720431 0.234582 0.085447
0.034548 0.049385 0.015020
0.034100 0.025525 0.010833
0.521436 0.162834 0.057587
0.059513 0.064567 0.135972
0.027248 0.198213 0.017142
0.484126 0.366372 0.169926
0.445236 0.182032 0.042592
0.043742 0.234634 0.079958
0.098278 0.113969 0.107199
0.378214 0.011849 0.003986
0.222594 0.087057 0.014175
0.093896 0.269003 0.028439
0.066703 0.107489 0.008652
0.072765 0.030519 0.037721
0.656423 0.344609 0.015270
0.498699 0.195197 0.069236
0.492888 0.162760 0.058441
0.007878 0.202636 0.015427
0.179490 0.130884 0.127106
0.256147 0.325767 0.020142
0.436071 0.048398 0.086423
0.316979 0.066584 0.004616
0.154445 0.063747 0.006360
0.040031 0.263860 0.029736
0.106062 0.323758 0.136034
0.604751 0.249057 0.006471
0.012918 0.135373 0.140649
0.620159 0.461332 0.206045
0.530021 0.137555 0.043315
0.551954 0.156133 0.043154
0.422241 0.167627 0.013530
0.443195 0.503484 0.185780
0.587099 0.383940 0.203558
0.374845 0.421890 0.215865
0.129355 0.098565 0.043908
0.047664 0.034506 0.012735
0.191425 0.243970 0.011398
0.167586 0.117246 0.051246
0.130338 0.022251 0.009040
0.572694 0.118550 0.075749
0.645093 0.129938 0.053413
0.325728 0.212373 0.006482
0.167814 0.364975 0.011058
0.446064 0.022899 0.030511
0.074623 0.023611 0.017044
0.447040 0.014143 0.008871
0.639874 0.384118 0.011497
0.035189 0.025181 0.009991
0.708627 0.489980 0.219353
0.198644 0.072526 0.019252
0.037405 0.050986 0.132262
0.680530 0.209888 0.083766
0.087151 0.090205 0.188536
0.056831 0.275819 0.036529
0.623101 0.481068 0.213683
0.131936 0.164583 0.136259
0.516677 0.039968 0.011866
0.396958 0.303297 0.138739
0.104610 0.150617 0.019408
0.113150 0.048605 0.056980
0.253684 0.190609 0.177503
0.364282 0.450702 0.035733
0.585540 0.079343 0.124075
0.113520 0.090555 0.041017
0.143327 0.435349 0.177821
0.036064 0.198700 0.190796
0.041869 0.031279 0.013871
0.051338 0.037208 0.016165
0.525065 0.171133 0.172003
0.161746 0.030849 0.098617
0.041393 0.169925 0.269262
0.066899 0.266492 0.224920
0.035063 0.050660 0.030691
0.043206 0.285182 0.171014
0.080421 0.054510 0.018077
0.044291 0.033159 0.013917
0.091564 0.039491 0.041773
0.163551 0.096282 0.153362
0.032399 0.043240 0.067767
0.120277 0.250569 0.237288
0.033940 0.046760 0.045596
0.187559 0.235733 0.233814
0.023017 0.202788 0.122936
0.097131 0.296936 0.077747
0.613082 0.503294 0.275989
0.413540 0.558586 0.237363
0.582116 0.537428 0.132146
0.674085 0.195675 0.078989
0.012023 0.233076 0.066389
0.196913 0.059569 0.011917
0.038335 0.044261 0.122171
0.046104 0.032836 0.013435
0.043368 0.061992 0.020938
0.659639 0.207357 0.077286
0.075453 0.081538 0.181848
0.034483 0.248891 0.024993
0.607269 0.463019 0.211037
0.055345 0.296903 0.102773
0.122684 0.144543 0.135354
0.678977 0.055743 0.035725
0.479433 0.015901 0.006859
0.399020 0.284899 0.133669
0.281140 0.108744 0.020876
0.531961 0.235365 0.077169
0.117409 0.341986 0.035825
0.083960 0.136590 0.014099
0.316685 0.227835 0.108808
0.620538 0.243240 0.092356
0.613899 0.205883 0.078407
0.010335 0.256109 0.023683
0.222521 0.166139 0.162939
0.328730 0.413729 0.028043
0.542583 0.061064 0.108666
0.115717 0.086858 0.038562
0.513864 0.388187 0.179514
0.404236 0.084402 0.010175
0.197622 0.080066 0.011130
0.051589 0.335844 0.037285
0.135523 0.413282 0.170276
0.016634 0.173429 0.183712
0.054925 0.040389 0.017479
0.680063 0.174722 0.057390
0.734620 0.198717 0.058478
0.525267 0.210213 0.022919
0.552980 0.621028 0.241824
0.475204 0.530728 0.270977
0.454913 0.327729 0.150287
0.239970 0.308908 0.019502
0.171134 0.028355 0.012378
0.655993 0.018633 0.005956
0.417508 0.451696 0.008007
0.412622 0.265954 0.015150
0.214611 0.459813 0.020043
0.548337 0.030591 0.038744
0.093401 0.030520 0.022911
0.366546 0.412697 0.012087
0.101528 0.037258 0.008776
0.314414 0.113407 0.033691
0.058384 0.079548 0.227520
0.137966 0.141573 0.291867
0.087967 0.438171 0.061343
0.206226 0.256620 0.212371
0.167811 0.236037 0.033848
0.179671 0.076199 0.090475
0.405979 0.295393 0.276534
0.182020 0.142307 0.063718
0.223794 0.703553 0.267853
0.056491 0.309941 0.303954
0.066653 0.049517 0.023678
0.080026 0.058833 0.027888
0.464471 0.048358 0.085471
0.252163 0.048874 0.160102
0.065498 0.262538 0.432576
0.106508 0.423693 0.359910
0.054647 0.078937 0.048889
0.068329 0.450508 0.267327
0.124694 0.085206 0.031461
0.070074 0.051980 0.024569
0.145455 0.062265 0.065464
0.257895 0.152155 0.237375
0.051168 0.067179 0.106315
0.187598 0.399828 0.380888
0.052320 0.072633 0.072499
0.295437 0.371207 0.372882
0.036821 0.317211 0.199887
0.152660 0.466276 0.124552
0.019138 0.369191 0.111000
0.316638 0.093373 0.025410
0.059472 0.069243 0.208454
0.066784 0.096476 0.034939
0.355371 0.249655 0.121600
0.119592 0.127529 0.282631
0.052844 0.396060 0.040474
0.084976 0.468589 0.161463
0.089923 0.065180 0.030757
0.191514 0.227611 0.212273
0.618972 0.454317 0.204516
0.449554 0.175353 0.034340
0.189703 0.528588 0.062863
0.131224 0.217752 0.027916
0.142154 0.060353 0.076645
0.496156 0.360326 0.165857
0.017066 0.406739 0.039720
0.343477 0.239625 0.117001
0.067358 0.051622 0.023859
0.359520 0.256082 0.251807
0.507255 0.631746 0.052622
0.606296 0.132572 0.024696
0.318076 0.125012 0.024121
0.081257 0.520927 0.064460
0.075719 0.055978 0.025002
0.214154 0.641594 0.260496
0.027516 0.269227 0.296820
0.381303 0.484856 0.036203
0.272718 0.044897 0.024321
0.627264 0.722421 0.030382
0.636300 0.415917 0.033687
0.148281 0.047726 0.036584
0.547117 0.630671 0.032253
0.359697 0.256310 0.122032
0.074210 0.099362 0.289913
0.173214 0.178765 0.367317
0.112617 0.539394 0.082541
0.261006 0.325372 0.266464
0.211417 0.298623 0.042871
0.224289 0.095401 0.114678
0.444460 0.330552 0.151190
0.508311 0.377284 0.354352
0.227539 0.179221 0.083620
0.072288 0.393313 0.386844
0.100563 0.077450 0.036262
0.431645 0.303873 0.146996
0.433919 0.319924 0.151260
0.574058 0.060341 0.107267
0.320304 0.061053 0.208972
0.082323 0.331846 0.539834
0.133737 0.527155 0.455359
0.067936 0.099110 0.061456
0.086963 0.558251 0.340424
0.088259 0.065585 0.031942
0.184519 0.078482 0.084543
0.326717 0.192243 0.301917
0.063617 0.084509 0.132544
0.236141 0.498385 0.481958
0.064042 0.092095 0.091322
0.374113 0.470216 0.471923
0.046296 0.402502 0.250575
0.192869 0.577911 0.153124
0.122261 0.089680 0.042498
0.026507 0.462517 0.141677
0.440350 0.326001 0.153666
0.075891 0.087441 0.266260
0.085441 0.120685 0.043213
0.150566 0.162312 0.349222
0.068491 0.493530 0.054230
0.108469 0.580627 0.199439
0.112027 0.082327 0.038695
0.238810 0.285946 0.267732
0.550793 0.219864 0.044961
0.238592 0.673786 0.086470
0.168441 0.272677 0.035243
0.180751 0.076604 0.096817
0.438977 0.314732 0.145074
0.619510 0.457284 0.204113
0.023825 0.506531 0.053196
0.433037 0.304212 0.142175
0.452105 0.325068 0.320421
0.232451 0.170436 0.079491
0.401798 0.160537 0.030901
0.104806 0.657793 0.089161
0.036010 0.340427 0.379732
0.328921 0.246639 0.117658
0.116156 0.085783 0.036752
0.481712 0.593830 0.051410
0.421119 0.292966 0.138163
0.189431 0.059668 0.046369
0.008365 0.009907 0.022095
0.128509 0.042055 0.011583
0.027785 0.032948 0.027532
0.078056 0.062030 0.026662
0.021978 0.010110 0.010736
0.050696 0.038484 0.035607
0.114805 0.015154 0.023058
0.023027 0.018126 0.007708
0.028755 0.087664 0.034397
0.006715 0.039618 0.035476
0.010066 0.007927 0.004441
0.008084 0.006391 0.003664
0.007460 0.006467 0.003539
0.010154 0.007645 0.004502
0.054444 0.006387 0.008288
0.104291 0.034713 0.034040
0.030436 0.007073 0.017746
0.008056 0.033964 0.051593
0.013665 0.054200 0.044493
0.008265 0.009271 0.006800
0.009439 0.057480 0.032138
0.015694 0.010744 0.004688
0.008364 0.006683 0.003935
0.017426 0.008516 0.008138
0.033098 0.019774 0.029636
0.007310 0.008417 0.010997
0.024831 0.051681 0.048133
0.008497 0.009221 0.008202
0.039861 0.048178 0.046988
0.004757 0.040473 0.022817
0.012656 0.009125 0.005551
0.120799 0.101263 0.053506
0.186275 0.090612 0.044494
0.081991 0.112941 0.046971
0.115075 0.107540 0.023017
0.127274 0.039050 0.010930
0.008640 0.008811 0.019904
0.009132 0.006552 0.004013
0.174830 0.060340 0.017533
0.010130 0.011596 0.005331
0.008571 0.006533 0.003850
0.015703 0.016202 0.032426
0.019568 0.013964 0.006870
0.108066 0.046514 0.005638
0.104119 0.049407 0.010351
0.011696 0.059659 0.017853
0.011440 0.008672 0.005066
0.192310 0.146920 0.062165
0.026023 0.029016 0.027290
0.016827 0.008410 0.009318
0.121931 0.050032 0.013346
0.120066 0.041266 0.010504
0.007758 0.006672 0.003760
0.045262 0.033921 0.032837
0.105452 0.011656 0.019529
0.023401 0.017264 0.007462
0.102518 0.078678 0.035076
0.009718 0.007110 0.004360
0.011251 0.008406 0.004846
0.155698 0.116451 0.049445
0.129064 0.034508 0.005825
0.110571 0.126137 0.044667
0.148123 0.097862 0.050116
0.093603 0.106492 0.053876
0.033150 0.025250 0.009592
0.012244 0.008716 0.005024
0.141675 0.030527 0.015837
0.009094 0.006368 0.003911
0.103730 0.005331 0.004315
0.016863 0.006755 0.005645
0.041222 0.030028 0.010886
0.191761 0.144463 0.061188
0.043106 0.032053 0.011407
0.008489 0.006128 0.003546
0.041331 0.030786 0.011197
0.008276 0.006383 0.003641
0.172819 0.124044 0.053516
0.630923 0.226198 0.073187
0.118708 0.158037 0.450416
0.272084 0.277511 0.571851
0.419968 0.513377 0.429161
0.338361 0.474982 0.076645
0.360441 0.151166 0.182083
0.729713 0.522460 0.235782
0.365883 0.279157 0.134188
0.115101 0.612859 0.596465
0.685150 0.491060 0.222783
0.130072 0.097151 0.047894
0.702252 0.487047 0.223424
0.727278 0.509093 0.230074
0.510303 0.097450 0.338191
0.107509 0.157095 0.098017
0.256634 0.170838 0.061790
0.728588 0.494691 0.231239
0.138558 0.101587 0.049105
0.291436 0.122309 0.133187
0.520471 0.297530 0.485757
0.099678 0.133135 0.217536
0.099598 0.145882 0.145004
0.073093 0.629777 0.404580
0.195550 0.140897 0.067509
0.621651 0.187264 0.052037
0.119796 0.138796 0.418031
0.133849 0.193638 0.069482
0.236713 0.253221 0.547153
0.381310 0.456332 0.433034
0.459638 0.333658 0.158116
0.266136 0.434034 0.059989
0.284577 0.119386 0.155154
0.720950 0.494403 0.224807
0.695505 0.482928 0.219857
0.371937 0.265585 0.129218
0.618422 0.250128 0.052241
0.055217 0.535023 0.590801
0.171766 0.126062 0.059870
0.517117 0.390992 0.180661
0.668348 0.467548 0.212864
0.545576 0.088765 0.050749
0.329604 0.116385 0.038159
0.655677 0.463125 0.210319
0.040194 0.041722 0.030874
0.204832 0.015405 0.004933
0.116047 0.077460 0.029964
0.076730 0.048579 0.039041
0.049769 0.108855 0.037666
0.014937 0.009931 0.004740
0.012475 0.008088 0.004479
0.012014 0.008194 0.004842
0.014642 0.009545 0.005165
0.080796 0.006874 0.009576
0.152912 0.043262 0.037369
0.044949 0.007967 0.020642
0.014974 0.043672 0.058972
0.025041 0.068670 0.050670
0.011743 0.012049 0.007614
0.018223 0.072597 0.036824
0.023318 0.013353 0.004717
0.012832 0.008526 0.004591
0.025767 0.010379 0.008986
0.048871 0.024782 0.034212
0.011147 0.010948 0.013362
0.040026 0.064877 0.054397
0.011570 0.011414 0.010424
0.058808 0.060265 0.054143
0.010536 0.051430 0.026265
0.033695 0.075181 0.013391
0.017696 0.011240 0.005259
0.274811 0.111872 0.049273
0.124840 0.143291 0.051494
0.276517 0.110508 0.041541
0.176632 0.135513 0.025894
0.008847 0.058340 0.011442
0.012829 0.008419 0.004607
0.014242 0.014710 0.005545
0.012289 0.008240 0.004417
0.028397 0.017563 0.006906
0.151897 0.061008 0.012155
0.021894 0.075381 0.020347
0.016519 0.010306 0.005202
0.037136 0.037026 0.031490
0.025482 0.010065 0.010724
0.012494 0.008340 0.004421
0.153857 0.013999 0.022076
0.014180 0.009145 0.004848
0.047620 0.102881 0.036671
0.015966 0.010299 0.005077
0.199765 0.049064 0.006103
0.276323 0.119920 0.034326
0.172716 0.161474 0.049207
0.143461 0.133919 0.059599
0.130474 0.083154 0.033091
0.017066 0.010755 0.004609
0.012294 0.008111 0.004221
0.207070 0.037073 0.018523
0.229288 0.040296 0.010444
0.012490 0.008324 0.004237
0.150860 0.005644 0.004555
0.025366 0.008206 0.005507
0.012169 0.008207 0.004141
0.012076 0.007860 0.004013
0.012523 0.008160 0.004147
0.358782 0.226151 0.091347
0.033617 0.028955 0.051798
0.026681 0.086369 0.003982
0.232944 0.152833 0.059874
0.209516 0.023866 0.033376
0.061295 0.136867 0.046495
0.017847 0.063299 0.052222
0.018316 0.011906 0.005627
0.015721 0.010064 0.004854
0.015375 0.010053 0.005196
0.018165 0.011563 0.005340
0.322323 0.195200 0.078617
0.101787 0.008626 0.011712
0.057711 0.009187 0.026545
0.019312 0.054413 0.074144
0.030793 0.085748 0.062319
0.022871 0.090141 0.046664
0.016121 0.010462 0.005200
0.061185 0.031145 0.042789
0.013996 0.013382 0.017309
0.050512 0.081401 0.067058
0.013784 0.014206 0.013053
0.013806 0.064135 0.033402
0.042262 0.093375 0.018759
0.023297 0.014064 0.006054
0.351458 0.141088 0.063593
0.160142 0.181210 0.065927
0.010767 0.073247 0.015365
0.015498 0.013910 0.032164
0.016412 0.010112 0.005096
0.324031 0.092431 0.027740
0.330897 0.070977 0.022685
0.017396 0.018713 0.005742
0.016028 0.010135 0.005033
0.029582 0.026274 0.048707
0.201653 0.071225 0.010419
0.026185 0.093509 0.026872
0.020768 0.012645 0.006204
0.047142 0.046789 0.038374
0.238732 0.014766 0.004366
0.032833 0.012148 0.012774
0.080520 0.050895 0.017970
0.015734 0.010351 0.004992
0.194439 0.018063 0.029213
0.026988 0.102924 0.003831
0.017566 0.011053 0.004923
0.058885 0.128765 0.045385
0.011356 0.054802 0.049783
0.020564 0.012352 0.006112
0.351452 0.151621 0.041722
0.214379 0.201296 0.064257
0.280902 0.153836 0.071806
0.181368 0.168401 0.077375
0.022054 0.013283 0.005579
0.015957 0.009812 0.004850
0.016329 0.010080 0.005148
0.032320 0.009869 0.006338
0.077653 0.047327 0.016111
0.015927 0.009987 0.004916
0.015552 0.009597 0.004561
0.015738 0.009903 0.004796
0.322174 0.196041 0.078690
0.018708 0.020484 0.047051
0.310486 0.081970 0.027329
0.042216 0.036462 0.065235
0.034024 0.107717 0.006866
0.064408 0.066316 0.048844
0.331719 0.025627 0.011629
0.053093 0.019155 0.019629
0.119315 0.076462 0.062805
0.268468 0.030652 0.042986
0.077084 0.175205 0.059122
0.022186 0.080035 0.066375
0.019151 0.012347 0.005794
0.018989 0.012232 0.006024
0.023509 0.014450 0.006645
0.128545 0.010880 0.016475
0.240986 0.068123 0.059866
0.073097 0.011758 0.034393
0.024392 0.068507 0.092634
0.039546 0.106911 0.079140
0.017665 0.019797 0.010625
0.028529 0.113159 0.057205
0.037356 0.021384 0.005032
0.020461 0.012817 0.006263
0.077467 0.038650 0.054373
0.016563 0.016960 0.023450
0.062783 0.101844 0.085303
0.017481 0.018095 0.016599
0.091976 0.094660 0.086614
0.016890 0.081055 0.042737
0.053804 0.116639 0.024972
0.029100 0.017664 0.006767
0.290696 0.203086 0.099890
0.438421 0.180095 0.083440
0.200548 0.225066 0.087328
0.442634 0.177891 0.068954
0.281643 0.217332 0.040862
0.012757 0.091752 0.021492
0.021062 0.012583 0.006375
0.021569 0.024309 0.006413
0.019813 0.012513 0.005975
0.036806 0.033304 0.062917
0.034442 0.116540 0.034808
0.026642 0.016319 0.006358
0.058715 0.058948 0.049093
0.064592 0.132967 0.005327
0.033428 0.129554 0.006479
0.022998 0.013855 0.006190
0.073502 0.165406 0.057316
0.012891 0.069697 0.063163
0.025845 0.015973 0.006193
0.374315 0.229149 0.096113
0.326838 0.077453 0.016461
0.439978 0.190698 0.055230
0.271807 0.251210 0.084882
0.351783 0.194240 0.094982
0.227731 0.212363 0.099363
0.210990 0.129756 0.050738
0.027878 0.017071 0.006429
0.019231 0.012263 0.005550
0.334319 0.058658 0.033007
0.374987 0.063449 0.022453
0.020047 0.012527 0.005931
0.244612 0.009419 0.009406
0.020232 0.012289 0.005889
0.444037 0.271347 0.114660
0.020243 0.011697 0.005500
0.019435 0.012240 0.005558
0.036835 0.040654 0.095975
0.601010 0.164207 0.055586
0.083411 0.072333 0.125384
0.066633 0.217863 0.024639
0.580972 0.382014 0.156793
0.125939 0.129333 0.095588
0.463947 0.029154 0.005163
0.371503 0.241061 0.099672
0.102426 0.116799 0.009600
0.103187 0.038106 0.040160
0.235946 0.150947 0.125564
0.352445 0.355291 0.023783
0.532709 0.060404 0.088329
0.152795 0.343175 0.125378
0.044560 0.157951 0.127599
0.039623 0.024761 0.009449
0.199099 0.121101 0.048699
0.047462 0.029362 0.010388
0.263351 0.022821 0.037093
0.486063 0.134294 0.123493
0.146443 0.024236 0.070876
0.047959 0.134883 0.189477
0.075882 0.213419 0.158407
0.034367 0.039772 0.021403
0.056336 0.226458 0.117393
0.041229 0.026057 0.009231
0.085734 0.031275 0.029868
0.153781 0.077118 0.106862
0.031644 0.034312 0.048302
0.122322 0.202156 0.168808
0.032977 0.036234 0.032639
0.181851 0.188569 0.167930
0.032909 0.160490 0.084876
0.104723 0.232872 0.050920
0.571467 0.400605 0.196474
0.398676 0.447047 0.172170
0.550810 0.425143 0.098009
0.595769 0.151990 0.052619
0.024571 0.185025 0.044600
0.179567 0.046755 0.005456
0.037236 0.036030 0.088987
0.042132 0.025587 0.009030
0.041823 0.049237 0.012534
0.586311 0.160937 0.050268
0.072805 0.065695 0.120276
0.045840 0.196347 0.012432
0.569459 0.362816 0.152842
0.090063 0.055780 0.021849
0.506702 0.179304 0.038029
0.065920 0.234075 0.069127
0.053603 0.032763 0.011203
0.115881 0.115234 0.096217
0.599885 0.040449 0.024056
0.123919 0.266400 0.023941
0.083020 0.106938 0.005762
0.565554 0.193549 0.061062
0.023886 0.202081 0.011525
0.211178 0.130315 0.115383
0.316720 0.322303 0.016345
0.180724 0.062194 0.003652
0.065231 0.261924 0.025213
0.145548 0.324880 0.121087
0.720456 0.247474 0.005465
0.025944 0.136306 0.123048
0.631941 0.153177 0.038584
0.485165 0.163052 0.010701
0.534138 0.497642 0.166374
0.723793 0.383439 0.186310
0.451583 0.420085 0.194010
0.233483 0.241493 0.007868
0.152042 0.021264 0.007114
0.666776 0.116615 0.067386
0.383823 0.208184 0.004025
0.217514 0.361518 0.007119
0.494936 0.020763 0.027097
0.091640 0.029138 0.004068
0.195775 0.116099 0.044778
0.105340 0.090654 0.164123
0.083987 0.272892 0.032416
0.160993 0.164439 0.121824
0.568397 0.037275 0.009668
0.465449 0.303317 0.127250
0.128253 0.149020 0.014815
0.130287 0.048466 0.050323
0.300043 0.189581 0.158846
0.440427 0.446265 0.032603
0.690238 0.076170 0.112489
0.133872 0.089863 0.036111
0.192689 0.436496 0.154310
0.054994 0.198913 0.167195
0.249970 0.156138 0.063312
0.334768 0.029034 0.047986
0.598294 0.171394 0.153866
0.184180 0.030941 0.089087
0.059553 0.171709 0.239199
0.096252 0.266139 0.198572
0.043451 0.050820 0.027050
0.070660 0.282895 0.149432
0.093844 0.053860 0.015070
0.053384 0.033146 0.011923
0.193917 0.096301 0.136024
0.040046 0.043482 0.060751
0.155038 0.252806 0.212030
0.040864 0.046327 0.040657
0.227858 0.235539 0.210009
0.041040 0.202873 0.107750
0.130719 0.294648 0.066881
0.499911 0.553437 0.215598
0.733508 0.528273 0.123678
0.030914 0.232181 0.057275
0.046993 0.045644 0.110161
0.054403 0.032498 0.011196
0.053346 0.061491 0.017409
0.091395 0.082873 0.159369
0.056983 0.245580 0.020020
0.112532 0.070105 0.029082
0.636287 0.224349 0.050669
0.613514 0.237533 0.068913
0.083261 0.294676 0.089934
0.145921 0.146757 0.119782
0.467388 0.280229 0.123551
0.173311 0.105590 0.042524
0.328330 0.106410 0.016897
0.613701 0.229982 0.067889
0.160069 0.339084 0.031600
0.104206 0.135553 0.010473
0.104359 0.038283 0.043675
0.262274 0.158521 0.062381
0.029727 0.253853 0.018757
0.263707 0.166200 0.144774
0.397227 0.408747 0.024926
0.621113 0.057808 0.097472
0.457910 0.082264 0.006559
0.081669 0.332593 0.032592
0.182780 0.410236 0.151200
0.033022 0.173405 0.160214
0.064142 0.040076 0.014698
0.593777 0.206799 0.019866
0.681571 0.618979 0.227167
0.561907 0.524264 0.243745
0.196922 0.122954 0.047474
0.489572 0.444679 0.006772
0.478587 0.260781 0.012094
0.276527 0.451934 0.016095
0.611519 0.027429 0.035593
0.432732 0.407273 0.010605
0.115035 0.036669 0.005476
0.072408 0.081458 0.202168
0.167246 0.143824 0.256539
0.130945 0.436574 0.052481
0.251341 0.255591 0.191954
0.207937 0.235609 0.030052
0.208883 0.075900 0.081445
0.479356 0.294978 0.248198
0.697533 0.708264 0.068871
0.307997 0.710589 0.239785
0.087684 0.311795 0.265060
0.523317 0.046479 0.077593
0.290991 0.049451 0.141562
0.095216 0.267075 0.381742
0.152328 0.425606 0.315966
0.067361 0.079844 0.043689
0.111530 0.452363 0.232755
0.150015 0.084929 0.027918
0.171784 0.061963 0.058347
0.304256 0.153461 0.214944
0.062398 0.068058 0.095638
0.240655 0.404973 0.338172
0.063885 0.072913 0.064932
0.365770 0.375622 0.329586
0.064412 0.318910 0.176142
0.206622 0.468882 0.114389
0.048541 0.368840 0.096961
0.082895 0.096600 0.030624
0.145394 0.130485 0.249676
0.088931 0.394140 0.035988
0.131000 0.469183 0.142926
0.105339 0.065543 0.027664
0.229898 0.229459 0.190403
0.272687 0.169396 0.069402
0.517600 0.172007 0.031522
0.255743 0.528029 0.055521
0.166216 0.060064 0.068882
0.578668 0.360160 0.151513
0.048482 0.405066 0.034652
0.424961 0.258283 0.227283
0.613747 0.627835 0.049219
0.712166 0.129465 0.022229
0.129494 0.519746 0.056059
0.090327 0.055697 0.021547
0.291098 0.651138 0.229077
0.051154 0.271267 0.258803
0.101121 0.064085 0.026755
0.313675 0.197108 0.080494
0.469132 0.478185 0.033298
0.316385 0.043157 0.020848
0.172920 0.047197 0.032899
0.675819 0.618486 0.031787
0.091762 0.101561 0.253390
0.208838 0.181078 0.322476
0.169161 0.536648 0.071623
0.318904 0.322217 0.239219
0.263260 0.297107 0.037393
0.262416 0.094639 0.102966
0.525094 0.332004 0.139273
0.594094 0.375291 0.313177
0.275658 0.178747 0.073594
0.111440 0.394220 0.332981
0.519490 0.317330 0.136325
0.671817 0.057902 0.097869
0.367933 0.061933 0.187183
0.121048 0.336118 0.474932
0.190881 0.530358 0.398061
0.084970 0.099172 0.054639
0.140326 0.558137 0.287693
0.104251 0.064927 0.028196
0.388066 0.193099 0.264782
0.078657 0.085938 0.119853
0.306401 0.504259 0.431149
0.462559 0.471616 0.419534
0.081486 0.402273 0.216694
0.262022 0.575214 0.138203
0.146833 0.088940 0.037793
0.061192 0.460201 0.124035
0.522602 0.325927 0.138328
0.458595 0.114657 0.029224
0.092262 0.089795 0.236094
0.106076 0.064455 0.027115
0.103705 0.120306 0.038053
0.101688 0.063828 0.027847
0.182681 0.164244 0.311578
0.112827 0.488987 0.046651
0.165268 0.577843 0.176778
0.288910 0.286507 0.235784
0.321839 0.667817 0.077489
0.211068 0.270957 0.031385
0.209597 0.075723 0.087189
0.510795 0.310562 0.132192
0.062132 0.501239 0.045093
0.505957 0.300024 0.131080
0.527369 0.328012 0.287027
0.064336 0.343094 0.327393
0.125639 0.080409 0.034486
0.394499 0.243540 0.105224
0.578446 0.582638 0.047530
0.398247 0.054073 0.028702
0.099726 0.060152 0.023041
0.021493 0.018454 0.031494
0.148141 0.097231 0.037998
0.032700 0.033517 0.024642
0.092736 0.061994 0.023333
0.131013 0.014637 0.019970
0.027247 0.018004 0.006846
0.039130 0.088065 0.030653
0.011660 0.008046 0.004439
0.009702 0.006675 0.003760
0.215481 0.137243 0.051806
0.009862 0.006546 0.003718
0.011559 0.007752 0.004583
0.119877 0.034655 0.030309
0.035279 0.006947 0.016090
0.012462 0.034609 0.046949
0.020115 0.054785 0.039182
0.009525 0.009602 0.005917
0.018081 0.010819 0.004433
0.010163 0.007015 0.003903
0.020554 0.008713 0.008222
0.039314 0.019774 0.027146
0.009163 0.008692 0.010850
0.032684 0.052114 0.043571
0.009204 0.009154 0.008330
0.047502 0.048644 0.043511
0.008394 0.041154 0.020467
0.027519 0.059881 0.009348
0.014759 0.009354 0.004986
0.219364 0.090479 0.039639
0.100597 0.113823 0.042284
0.137985 0.107936 0.019523
0.149953 0.038314 0.008607
0.006736 0.046823 0.008189
0.210794 0.127908 0.049027
0.010802 0.009226 0.018567
0.010132 0.006977 0.003810
0.011508 0.011866 0.004622
0.009784 0.006705 0.003753
0.124739 0.045972 0.003579
0.119981 0.049088 0.007947
0.013343 0.008588 0.004495
0.030285 0.029930 0.024812
0.210325 0.128154 0.049109
0.009737 0.006771 0.003900
0.054786 0.033938 0.029146
0.010823 0.007502 0.004218
0.037950 0.083656 0.029772
0.006823 0.034967 0.030945
0.012289 0.008307 0.004793
0.150664 0.034102 0.003831
0.210155 0.127300 0.048700
0.136032 0.126995 0.039531
0.176890 0.097699 0.044377
0.113457 0.107072 0.047547
0.039471 0.025314 0.008028
0.013983 0.008949 0.004526
0.009869 0.006691 0.003721
0.010273 0.006889 0.003657
0.019564 0.007127 0.004943
0.009953 0.006889 0.003563
0.009661 0.006869 0.003539
0.146409 0.161388 0.392471
0.334001 0.280798 0.512224
0.504504 0.513327 0.378618
0.419379 0.467659 0.068343
0.419866 0.150784 0.162992
0.433089 0.276505 0.122612
0.175110 0.612968 0.522436
0.191596 0.114846 0.049301
0.571948 0.098300 0.297737
0.133803 0.157734 0.087329
0.340875 0.123113 0.120435
0.602198 0.300566 0.428103
0.124130 0.134418 0.192251
0.125947 0.144138 0.128295
0.128132 0.628844 0.341595
0.230732 0.140422 0.058604
0.146691 0.141997 0.365868
0.170904 0.100776 0.042538
0.165985 0.192523 0.060124
0.288057 0.254333 0.497944
0.462899 0.457010 0.380747
0.539698 0.332107 0.142186
0.336321 0.118081 0.138345
0.440213 0.263874 0.119071
0.103061 0.534735 0.513491
0.203856 0.125536 0.051897
0.623644 0.388513 0.162540
0.616629 0.086566 0.045529
0.349856 0.092674 0.066898
0.382914 0.114232 0.034294
0.015833 0.013519 0.022499
0.033960 0.024516 0.031587
0.053678 0.042138 0.023187
0.147439 0.077077 0.021976
0.039393 0.011957 0.009161
0.095838 0.048794 0.031202
0.201779 0.017496 0.019653
0.071013 0.108607 0.029956
0.023530 0.051837 0.032112
0.018189 0.009823 0.004199
0.014619 0.008161 0.003801
0.014288 0.008135 0.004043
0.017721 0.009467 0.003911
0.094553 0.006372 0.005912
0.189125 0.042532 0.029809
0.054342 0.007828 0.015831
0.023560 0.044818 0.046527
0.037558 0.069165 0.038757
0.014553 0.012297 0.005950
0.030212 0.073091 0.028434
0.015165 0.008435 0.003743
0.031079 0.010424 0.007065
0.061128 0.025047 0.026827
0.013089 0.011134 0.011224
0.053762 0.065930 0.042814
0.013108 0.011404 0.008501
0.077121 0.061395 0.042276
0.019012 0.052166 0.019546
0.048812 0.074809 0.007684
0.022409 0.011273 0.004544
0.235144 0.125823 0.046654
0.346985 0.109719 0.038319
0.168505 0.143017 0.039538
0.344483 0.108770 0.033257
0.226177 0.133322 0.017824
0.230854 0.047270 0.007196
0.017778 0.057947 0.007212
0.015721 0.008242 0.003927
0.315104 0.072182 0.013260
0.327087 0.054416 0.009294
0.017850 0.014985 0.004162
0.228119 0.050046 0.006269
0.029645 0.022292 0.030565
0.228949 0.114459 0.035402
0.189608 0.059182 0.006904
0.034518 0.074951 0.013820
0.020036 0.010600 0.004499
0.147525 0.071567 0.021366
0.054385 0.026767 0.005249
0.189150 0.057675 0.006531
0.222693 0.059678 0.009523
0.014964 0.008241 0.003566
0.085302 0.042334 0.028349
0.017150 0.009039 0.003555
0.067010 0.103359 0.028924
0.015270 0.044957 0.030745
0.018877 0.010226 0.004212
0.224342 0.159854 0.038152
0.187565 0.133777 0.045575
0.169038 0.082387 0.024986
0.020583 0.010942 0.004231
0.078034 0.037358 0.007644
0.279949 0.038412 0.005078
0.015512 0.008171 0.003769
0.030281 0.008216 0.004088
0.076708 0.036867 0.008086
0.015077 0.008125 0.003565
0.327766 0.155924 0.046569
0.042937 0.030883 0.039347
0.067566 0.053276 0.030488
0.103898 0.053447 0.012622
0.119618 0.061032 0.039359
0.054311 0.028500 0.005354
0.088956 0.138169 0.036634
0.028634 0.064557 0.041364
0.023124 0.012280 0.004217
0.453785 0.219763 0.068872
0.019282 0.010192 0.004287
0.444507 0.214893 0.067803
0.018971 0.009996 0.004478
0.023010 0.011726 0.004544
0.122175 0.007930 0.008785
0.235607 0.053513 0.037621
0.070213 0.009687 0.021084
0.030057 0.056151 0.058771
0.047691 0.086543 0.049270
0.019043 0.015562 0.007375
0.037276 0.091509 0.036179
0.019645 0.010588 0.004400
0.040867 0.012344 0.008354
0.076311 0.031693 0.034267
0.016332 0.014076 0.014547
0.068287 0.083018 0.053565
0.016197 0.014496 0.010739
0.095934 0.077366 0.052042
0.023140 0.065075 0.025877
0.061572 0.093082 0.012035
0.458229 0.225430 0.070404
0.436923 0.140914 0.048971
0.440122 0.137834 0.040510
0.288963 0.170292 0.025727
0.020792 0.073667 0.010429
0.428214 0.200005 0.062980
0.103330 0.052780 0.012932
0.020113 0.014685 0.027168
0.020438 0.010371 0.004530
0.398676 0.090693 0.019689
0.022303 0.019138 0.004236
0.019310 0.010278 0.004553
0.037882 0.027938 0.038254
0.045343 0.022241 0.004715
0.042460 0.093817 0.019925
0.467247 0.228701 0.072072
0.062320 0.047870 0.029988
0.039720 0.012045 0.009736
0.148603 0.072472 0.020738
0.279566 0.061782 0.011602
0.019270 0.010377 0.004358
0.106855 0.053661 0.036163
0.233580 0.016704 0.022664
0.022105 0.011200 0.004359
0.461498 0.229840 0.071651
0.084236 0.130942 0.035706
0.024748 0.012682 0.004646
0.297978 0.051419 0.005330
0.311241 0.059342 0.004574
0.439349 0.150130 0.033426
0.282948 0.201014 0.048811
0.356780 0.153961 0.055549
0.235962 0.169942 0.058860
0.027113 0.013502 0.004217
0.019387 0.010048 0.004114
0.322371 0.045470 0.018105
0.362411 0.048562 0.009066
0.019737 0.010328 0.004317
0.039061 0.009595 0.004408
0.019956 0.010221 0.004326
0.019476 0.009900 0.003975
0.436277 0.207406 0.064983
0.019363 0.010101 0.004184
0.024757 0.021590 0.037688
0.380654 0.079409 0.019240
0.054182 0.038149 0.051045
0.380083 0.192911 0.059527
0.084101 0.066737 0.037845
0.063935 0.018852 0.014537
0.130340 0.066822 0.018227
0.152309 0.077087 0.048443
0.325103 0.028851 0.034080
0.068463 0.035749 0.007849
0.110692 0.175228 0.045429
0.035579 0.080771 0.051465
0.024644 0.012390 0.004599
0.551660 0.265353 0.089511
0.301683 0.066890 0.047319
0.088261 0.011814 0.027276
0.036937 0.070530 0.074095
0.059301 0.107656 0.062352
0.023012 0.019886 0.007947
0.047176 0.113594 0.045438
0.024806 0.012879 0.004653
0.052758 0.015129 0.010225
0.020189 0.017943 0.018148
0.086232 0.102648 0.067269
0.021183 0.018661 0.012574
0.119508 0.096465 0.065671
0.028846 0.081819 0.033234
0.076077 0.116036 0.017378
0.035885 0.017526 0.004274
0.572929 0.277703 0.093693
0.377127 0.200274 0.078056
0.531287 0.178013 0.063244
0.266954 0.226149 0.066541
0.537614 0.174657 0.053153
0.360171 0.212705 0.032300
0.375028 0.074272 0.017338
0.025442 0.091643 0.014734
0.025334 0.018633 0.034246
0.498200 0.112447 0.027364
0.510328 0.086319 0.022696
0.027788 0.024285 0.003986
0.024457 0.012695 0.004625
0.047956 0.034865 0.049110
0.319677 0.087496 0.009149
0.053698 0.117119 0.025991
0.085497 0.042580 0.009873
0.051967 0.015118 0.012473
0.351933 0.079127 0.017394
0.024578 0.012605 0.004700
0.133826 0.066835 0.045314
0.312588 0.154131 0.046926
0.028079 0.013774 0.004646
0.564568 0.285460 0.094854
0.105409 0.166558 0.043992
0.023678 0.070647 0.049813
0.031180 0.015674 0.004439
0.379648 0.064074 0.009915
0.397220 0.074033 0.010087
0.541682 0.188040 0.042308
0.355709 0.251267 0.065579
0.448393 0.192624 0.073579
0.297546 0.212027 0.077643
0.266056 0.128387 0.038861
0.024180 0.012304 0.004464
0.448024 0.060722 0.015130
0.292782 0.007204 0.005396
0.050584 0.011476 0.004428
0.576011 0.278571 0.093989
0.025279 0.012442 0.004042
0.126517 0.061994 0.016898
0.024044 0.011871 0.004046
0.024249 0.012387 0.004277
0.518726 0.243669 0.080219
0.049193 0.042961 0.077138
0.107893 0.074481 0.101355
0.102520 0.217031 0.016110
0.169000 0.131098 0.074735
0.476549 0.238691 0.078930
0.134463 0.115778 0.003585
0.126750 0.038110 0.031708
0.305130 0.151503 0.099748
0.458780 0.347793 0.018050
0.135412 0.071154 0.021242
0.221610 0.344685 0.101018
0.070625 0.160735 0.103060
0.256600 0.120770 0.038003
0.318506 0.021275 0.029576
0.592596 0.132685 0.098309
0.178691 0.024822 0.056989
0.114922 0.215705 0.125885
0.045386 0.040012 0.015205
0.091427 0.228222 0.092280
0.092376 0.042033 0.005838
0.103685 0.031519 0.022525
0.192241 0.078523 0.086398
0.041088 0.035994 0.037794
0.168693 0.205134 0.135243
0.042166 0.037557 0.025353
0.237609 0.192756 0.131778
0.057128 0.162536 0.065820
0.151193 0.233172 0.038296
0.523173 0.452876 0.140348
0.049982 0.184841 0.034281
0.049299 0.037596 0.071523
0.053842 0.025435 0.005424
0.054955 0.048869 0.008002
0.095145 0.067901 0.098705
0.075466 0.195841 0.006000
0.593105 0.188950 0.040070
0.104772 0.235021 0.052702
0.154274 0.117194 0.075834
0.735139 0.037917 0.017993
0.173546 0.084550 0.026436
0.319324 0.083101 0.004646
0.591167 0.182440 0.039362
0.183904 0.263396 0.015739
0.102415 0.030631 0.026615
0.262798 0.122997 0.037474
0.378941 0.180542 0.055842
0.710511 0.156376 0.040894
0.051212 0.200931 0.004413
0.271600 0.131436 0.091830
0.412982 0.316848 0.010268
0.586690 0.044465 0.060863
0.105629 0.261237 0.016748
0.209329 0.327526 0.096932
0.047446 0.139439 0.098033
0.573086 0.159132 0.005145
0.580019 0.423863 0.156318
0.534772 0.252846 0.087036
0.197942 0.097408 0.030884
0.582075 0.016733 0.020486
0.102411 0.022864 0.010078
0.566493 0.008184 0.003934
0.051554 0.023665 0.004195
0.060914 0.053668 0.096385
0.136374 0.093120 0.125328
0.128638 0.271079 0.023896
0.678551 0.034252 0.005935
0.586148 0.296769 0.101847
0.173238 0.146860 0.007352
0.162126 0.048273 0.039259
0.385923 0.189853 0.127255
0.559430 0.434813 0.027952
0.172199 0.088875 0.028159
0.279156 0.431805 0.125759
0.088084 0.201199 0.129260
0.075758 0.038237 0.009231
0.402414 0.027066 0.037455
0.222533 0.031069 0.072187
0.145771 0.269008 0.156834
0.056606 0.050934 0.020348
0.114141 0.283893 0.118595
0.116165 0.053042 0.009001
0.065419 0.032732 0.007974
0.129656 0.039204 0.029219
0.239762 0.098054 0.108439
0.051804 0.045417 0.048278
0.211703 0.255192 0.171144
0.052994 0.047682 0.032139
0.303613 0.237318 0.166603
0.071287 0.203333 0.084349
0.190382 0.292580 0.050323
0.090746 0.044785 0.011404
0.684537 0.552427 0.173966
0.061955 0.230728 0.042947
0.280120 0.056191 0.003561
0.061569 0.047489 0.089593
0.069879 0.061100 0.011742
0.118405 0.085376 0.122764
0.094269 0.243298 0.011600
0.132051 0.293270 0.068704
0.193637 0.147152 0.096135
0.588666 0.277396 0.097386
0.403540 0.103119 0.010442
0.229006 0.336130 0.023460
0.138416 0.132704 0.003877
0.128130 0.038028 0.034408
0.063083 0.250756 0.010733
0.323697 0.151017 0.047162
0.342686 0.165622 0.116956
0.509217 0.397960 0.019563
0.132270 0.329076 0.024144
0.264256 0.410431 0.122799
0.058469 0.175764 0.124403
0.086676 0.042631 0.008832
0.392061 0.298574 0.009084
0.230795 0.025376 0.005954
0.610597 0.433667 0.005320
0.576325 0.254347 0.007284
0.380456 0.447417 0.009533
0.064977 0.031825 0.006346
0.129506 0.029022 0.013231
0.545270 0.396304 0.006694
0.063407 0.030083 0.005883
0.314886 0.149182 0.045377
0.449932 0.108394 0.022445
0.213302 0.147729 0.202058
0.207151 0.430970 0.039657
0.334291 0.259831 0.153289
0.277384 0.233722 0.021977
0.527921 0.260192 0.087572
0.605775 0.295520 0.199743
0.277159 0.140258 0.043725
0.448965 0.701468 0.195319
0.139557 0.315802 0.204869
0.100673 0.049567 0.013801
0.510408 0.239024 0.083028
0.515032 0.238234 0.083252
0.631417 0.044176 0.061339
0.359085 0.049627 0.113394
0.229280 0.429732 0.244229
0.089093 0.079836 0.034840
0.181962 0.454026 0.181072
0.188188 0.083842 0.019518
0.103493 0.051259 0.014886
0.383107 0.155308 0.171750
0.081478 0.070820 0.076527
0.336920 0.409709 0.266352
0.082496 0.074967 0.050708
0.481790 0.377726 0.257491
0.111190 0.319453 0.136101
0.302123 0.464456 0.088553
0.144867 0.070697 0.022222
0.096443 0.366264 0.073020
0.445076 0.088639 0.013356
0.096219 0.074272 0.140287
0.108672 0.095820 0.022820
0.189449 0.135011 0.195541
0.149626 0.389810 0.027395
0.208307 0.465867 0.115903
0.131964 0.064578 0.019927
0.303506 0.232257 0.151034
0.622800 0.166853 0.025809
0.366201 0.519420 0.042539
0.536461 0.256860 0.087817
0.225704 0.214289 0.015308
0.206424 0.060458 0.053210
0.099542 0.399286 0.025986
0.511979 0.239415 0.081476
0.537801 0.258711 0.181530
0.450376 0.120158 0.012124
0.212410 0.513639 0.041845
0.113143 0.055157 0.014188
0.424879 0.654358 0.186110
0.092294 0.273862 0.199109
0.596700 0.465458 0.028964
0.382825 0.040579 0.013485
0.583344 0.715787 0.030947
0.231073 0.056901 0.007401
0.099418 0.047769 0.010563
0.501218 0.234618 0.077329
0.552223 0.137837 0.030065
0.121466 0.105826 0.197884
0.270763 0.186315 0.253959
0.263927 0.535329 0.054795
0.423507 0.326568 0.191624
0.352098 0.294453 0.029599
0.331728 0.094641 0.082270
0.678292 0.328663 0.115407
0.178122 0.399148 0.254818
0.151428 0.076743 0.024340
0.126078 0.062045 0.019165
0.641230 0.304428 0.110135
0.670393 0.316514 0.113607
0.449285 0.062410 0.146708
0.183290 0.344622 0.372432
0.289392 0.535528 0.311835
0.112525 0.099379 0.042343
0.227171 0.561420 0.226249
0.239227 0.104033 0.026940
0.130394 0.065180 0.020571
0.266759 0.078522 0.058923
0.485001 0.194837 0.214452
0.102114 0.088981 0.096211
0.429242 0.510480 0.332879
0.105216 0.093337 0.064404
0.603938 0.477368 0.328953
0.141997 0.404973 0.170917
0.384181 0.569879 0.114982
0.123401 0.460239 0.096779
0.550213 0.111345 0.021756
0.120150 0.093617 0.184411
0.138762 0.119461 0.029663
0.676041 0.308163 0.112759
0.236923 0.169774 0.244475
0.191162 0.486614 0.035607
0.263931 0.578508 0.141080
0.169517 0.081795 0.026295
0.387231 0.290339 0.192283
0.458198 0.654117 0.060194
0.287917 0.269897 0.023835
0.262640 0.076201 0.068573
0.661477 0.308896 0.109066
0.126525 0.496100 0.034341
0.645420 0.299185 0.107687
0.699603 0.328886 0.226394
0.558298 0.153521 0.021388
0.271402 0.640622 0.058507
0.117104 0.347711 0.249342
0.693418 0.326155 0.115450
0.269622 0.057479 0.033278
0.616244 0.288116 0.100722
0.628512 0.293939 0.102131
0.012630 0.010849 0.017152
0.026786 0.019314 0.024730
0.043009 0.033712 0.017391
0.115937 0.061168 0.015948
0.065694 0.033721 0.006312
0.076069 0.038318 0.024172
0.158443 0.013690 0.014274
0.033622 0.017653 0.003972
0.056816 0.087631 0.022647
0.018754 0.040366 0.025213
0.014179 0.008088 0.003979
0.011916 0.006679 0.003742
0.275745 0.134756 0.039659
0.013921 0.007793 0.004015
0.073899 0.005472 0.004949
0.146601 0.033987 0.022763
0.041978 0.006817 0.012692
0.018740 0.035640 0.036485
0.030263 0.055101 0.031000
0.011641 0.009746 0.005407
0.024523 0.058004 0.021690
0.024539 0.008590 0.005889
0.049010 0.019732 0.020819
0.010562 0.008934 0.008817
0.044378 0.052605 0.033706
0.010558 0.009204 0.007153
0.015225 0.040699 0.015016
0.038824 0.059169 0.005054
0.017220 0.009066 0.004014
0.271549 0.088622 0.031557
0.131885 0.112107 0.032847
0.269885 0.087253 0.026041
0.178225 0.106221 0.011681
0.181511 0.036881 0.003953
0.013099 0.046625 0.004804
0.012483 0.009889 0.015452
0.014114 0.011820 0.003927
0.011979 0.006837 0.003788
0.024220 0.017677 0.023446
0.027833 0.013742 0.004556
0.027320 0.059293 0.009693
0.015459 0.008408 0.003909
0.115311 0.057329 0.014893
0.043499 0.021115 0.004154
0.024292 0.008438 0.006830
0.091436 0.046015 0.010349
0.176870 0.047876 0.005200
0.012005 0.006787 0.003962
0.067808 0.033927 0.022114
0.144261 0.010003 0.011803
0.013412 0.007597 0.003690
0.053989 0.083240 0.021502
0.012763 0.035558 0.024108
0.014843 0.008317 0.003700
0.233559 0.114543 0.034856
0.272642 0.094316 0.019460
0.177810 0.124829 0.031354
0.148461 0.105871 0.036821
0.049287 0.024963 0.004582
0.011970 0.006561 0.003625
0.198236 0.028483 0.008028
0.023303 0.006958 0.003871
0.279136 0.137095 0.040061
0.064291 0.031549 0.005843
0.011962 0.006517 0.003673
0.269915 0.130055 0.038629
0.012242 0.006616 0.003529
0.193021 0.167193 0.308073
0.431853 0.288962 0.408858
0.671426 0.515276 0.301785
0.542916 0.460959 0.053381
0.514136 0.150577 0.129425
0.544671 0.276498 0.097807
0.277580 0.622436 0.407104
0.180083 0.157400 0.067429
0.389249 0.167030 0.042337
0.210425 0.101008 0.034786
0.425161 0.122209 0.095050
0.161013 0.139065 0.150869
0.165028 0.147326 0.101307
0.220914 0.635617 0.260996
0.190125 0.147926 0.283879
0.219391 0.192511 0.045599
0.379675 0.264912 0.389162
0.464448 0.217101 0.073727
0.270517 0.126587 0.040877
0.603457 0.462403 0.296122
0.708938 0.329962 0.119206
0.453481 0.429013 0.041102
0.416927 0.119259 0.110496
0.202428 0.100032 0.034073
0.227629 0.107664 0.035072
0.182072 0.541748 0.397730
0.431593 0.090848 0.051713
0.203870 0.093703 0.029408
