3022
0.045459 -0.033251 -0.027246
0.115327 0.003015 0.036291
0.001185 -0.011491 0.132807
-0.008444 0.011857 -0.128738
0.004106 -0.025591 -0.052064
0.036467 0.006156 0.000569
0.019798 -0.017277 -0.008821
0.021860 0.034410 -0.040867
-0.061301 -0.002608 0.034550
0.034718 -0.043960 -0.076523
-0.006652 0.053055 -0.030131
0.008839 0.007065 0.030509
-0.016401 0.014497 0.005595
0.029669 0.014159 -0.041683
0.102515 -0.069922 0.079710
-0.081035 0.084341 -0.028696
0.126340 -0.034956 0.012382
-0.093501 0.105504 0.071866
-0.073757 0.008635 -0.053882
0.003566 -0.034381 0.004010
-0.049932 0.047167 -0.075059
0.130589 0.033070 -0.075547
0.069130 -0.152501 -0.123616
-0.131641 -0.026109 -0.079606
-0.042230 -0.016390 0.081962
-0.011585 -0.006218 0.161860
0.066116 -0.000278 -0.228390
0.074259 0.012577 -0.038423
0.035781 0.007903 -0.065729
0.116254 -0.073381 0.078073
-0.017283 -0.011205 -0.055554
-0.041148 0.005349 -0.071600
0.024398 0.004198 -0.022858
0.029897 0.008909 -0.012805
0.032992 0.046626 0.033133
0.001867 0.045384 0.000489
0.045974 0.069937 -0.343758
-0.000080 0.013228 -0.075609
0.279269 -0.071504 -0.171449
0.084127 0.008125 -0.004243
-0.084950 0.035276 0.010170
0.007784 -0.027054 0.007823
-0.032919 -0.020728 0.222045
-0.030275 0.027879 0.019965
0.044829 0.050602 0.009476
-0.005872 -0.015907 0.015146
-0.079909 0.120619 0.047452
-0.024459 0.025184 0.027795
-0.104997 -0.004191 0.028967
-0.159267 0.055340 -0.015525
-0.030073 0.064914 -0.042419
0.037514 -0.030873 -0.021938
0.057883 -0.051916 -0.127647
0.001890 -0.017836 -0.035818
0.038578 -0.020924 0.001005
0.001754 0.001714 0.036653
-0.239327 0.117347 -0.015993
0.023365 -0.028560 -0.014606
-0.025245 -0.024869 0.007212
0.032470 -0.019004 0.031116
0.050880 0.022751 -0.007594
0.033060 0.062085 -0.054113
-0.071943 0.030983 -0.020733
0.104216 -0.109959 0.084110
-0.027171 0.063642 -0.023552
0.085650 0.017012 0.032003
0.080578 0.028077 0.008278
-0.070157 0.041589 -0.041373
-0.023551 -0.013901 -0.003759
-0.001583 -0.000352 0.075388
0.007481 -0.022601 0.053144
-0.020416 -0.055003 -0.032568
-0.000717 0.033680 0.028839
-0.134622 -0.047694 0.154439
-0.031695 0.019495 -0.086597
-0.051496 -0.014226 0.001392
0.043096 0.048219 -0.024915
-0.003003 0.028018 -0.030209
0.005965 -0.029010 -0.155542
-0.041715 0.005844 -0.003984
-0.010703 0.122030 -0.012482
0.015225 -0.007602 -0.115121
0.073172 -0.043111 -0.220021
0.015207 0.049940 -0.017626
-0.016615 0.037701 0.134411
0.223172 -0.019556 0.128910
0.005078 0.044897 0.151240
0.067508 -0.053531 0.127682
-0.006310 -0.009295 0.221720
0.054768 0.000347 0.005393
-0.028840 0.011666 -0.065349
-0.014161 -0.007079 0.052972
0.067879 0.015627 -0.016061
0.023154 0.048899 -0.000695
0.017996 0.027565 -0.001765
0.014723 -0.042891 -0.023460
0.007359 0.024835 -0.032468
-0.045600 -0.008373 0.053380
-0.002530 -0.021957 -0.045251
-0.000594 -0.020617 -0.063166
0.004192 0.025636 0.058241
-0.011467 0.005852 0.013543
0.006971 0.059486 0.054400
0.008859 0.032939 -0.009193
0.048683 -0.046096 0.036447
-0.114706 0.122333 0.134023
0.061534 0.002750 0.168351
-0.080812 -0.005544 -0.017922
0.025317 0.016341 -0.081539
0.004458 0.034115 -0.004205
-0.032205 0.031356 0.010142
-0.002383 -0.060392 -0.019685
0.174822 -0.095540 -0.140719
0.025124 -0.061429 -0.150197
-0.010746 0.017747 -0.040177
0.009361 0.015594 0.036038
0.054319 -0.034859 0.082348
0.003848 -0.002075 0.027806
0.018414 -0.045806 -0.138056
-0.021607 0.012907 -0.019398
0.012385 -0.007037 0.007712
0.029011 -0.049645 -0.031096
0.054638 0.035550 -0.036593
0.026759 0.041866 0.042305
0.098596 0.059244 0.060628
-0.045789 0.030461 -0.012869
0.128801 -0.081143 0.039320
-0.021595 0.003376 -0.020022
0.068598 0.048270 -0.482570
-0.088270 0.089040 -0.003636
-0.015545 0.004104 0.002801
0.063863 -0.002194 0.007393
-0.041243 -0.027947 0.093374
0.050316 -0.035059 0.331964
-0.036523 -0.037054 0.036425
0.034191 -0.008745 -0.100868
0.065698 0.086387 0.044359
0.053992 0.054916 -0.072314
-0.007659 -0.021047 -0.083566
0.016569 -0.000298 0.023502
0.028123 0.025396 0.045394
-0.007817 -0.019976 -0.055059
0.015816 0.042277 -0.054315
0.035161 0.003792 0.012792
0.103814 -0.025921 -0.081753
-0.002944 -0.034404 -0.111082
0.015305 0.009952 -0.021245
0.010907 -0.024792 0.042047
0.004309 -0.006056 0.000141
0.089356 0.068536 -0.105668
0.004651 0.015004 -0.017822
-0.006579 0.012278 -0.039313
-0.011943 -0.078365 -0.065935
-0.080834 -0.026972 -0.108886
0.074982 0.014687 -0.007172
-0.013410 0.012635 -0.021221
0.048599 0.022510 -0.030586
-0.114991 0.109660 -0.076542
-0.081637 0.089811 -0.033748
-0.003844 0.017884 -0.032056
-0.016700 0.022781 0.034494
0.002405 0.011967 -0.009593
-0.034883 -0.014254 -0.123799
0.022487 0.028941 0.067980
0.020058 0.001135 0.049764
-0.086412 0.022563 0.061127
0.048482 -0.006165 -0.006418
-0.027308 0.013464 -0.036679
0.019989 -0.028945 0.043989
0.037414 0.071912 -0.014987
-0.061773 -0.013469 -0.103483
0.039028 -0.016937 -0.019710
-0.021043 -0.016903 -0.084506
-0.035574 -0.008733 0.012662
-0.037010 0.043305 -0.076729
-0.003719 0.045442 -0.075395
-0.016509 0.062000 0.024023
0.022581 0.124844 0.022540
-0.051204 0.014265 -0.234648
-0.025403 -0.039907 0.162183
0.138671 -0.188066 0.290646
-0.086472 0.085063 -0.092949
0.010862 -0.001754 0.055655
0.016593 0.022075 -0.019554
0.112152 0.037751 -0.039963
-0.019652 0.028304 -0.001820
0.019150 0.007715 0.007557
-0.000742 -0.014071 0.010700
-0.053751 0.017787 -0.030899
0.111002 0.010607 -0.027301
0.012123 -0.014820 0.114411
0.036611 -0.049438 -0.001700
0.024124 -0.051885 0.101756
-0.013927 -0.000455 0.027415
0.009377 0.011946 0.006803
-0.000484 -0.011301 0.039881
-0.016865 0.016444 -0.029484
0.048942 0.041618 -0.050144
0.067055 0.033560 0.072097
-0.065956 0.038809 -0.012176
0.019608 -0.081686 0.123796
-0.060582 0.000202 0.151871
-0.104561 0.009718 -0.124279
-0.136257 0.046086 0.030574
-0.016418 0.050729 -0.084199
0.000498 0.011686 0.076511
0.034905 -0.004086 -0.022265
-0.002561 -0.011074 0.049692
0.009929 0.003150 -0.017179
0.055393 -0.023374 0.006048
-0.040186 -0.050946 0.089768
-0.005788 -0.054200 0.041113
0.025774 0.000395 0.022081
0.016690 -0.064547 0.103615
0.047395 -0.020546 0.007123
0.015317 0.023716 0.006773
-0.171594 0.023533 -0.199754
-0.009650 0.018536 -0.001502
-0.033331 0.005193 -0.021185
0.011723 -0.021517 -0.007338
0.080683 0.019104 -0.023264
0.028506 0.050503 0.038705
0.079793 0.000398 0.016656
-0.016247 -0.014172 0.026046
-0.097787 0.049677 -0.033505
0.063083 0.037098 -0.549459
0.034923 -0.020640 -0.000084
0.071625 0.024586 0.000887
-0.041837 0.026493 0.049819
-0.017183 -0.006028 0.019003
0.015136 -0.004634 -0.032985
0.011032 0.075717 -0.026235
0.061392 -0.080970 -0.003647
0.083159 -0.012511 -0.064848
-0.027377 0.024767 0.025186
0.091330 -0.014489 0.008320
0.031991 0.061978 0.061124
-0.018956 0.130256 0.039018
-0.012232 -0.019152 -0.006752
0.035161 -0.049071 -0.058408
-0.003524 0.021240 0.047096
-0.019975 0.026237 0.025660
0.108467 0.009588 -0.001266
0.051583 0.029604 0.001317
0.124495 -0.082856 -0.034446
0.010280 -0.022013 0.021001
-0.006517 0.020197 0.081935
0.061076 -0.016878 0.033535
-0.072281 -0.012859 -0.066948
-0.005727 0.017604 -0.017427
-0.007524 -0.036299 -0.036441
0.010579 0.002965 0.088404
0.106047 0.008544 -0.027137
-0.136326 0.111839 -0.048698
0.011992 -0.002778 -0.043954
-0.003148 0.024617 -0.008685
0.030796 0.070544 0.022353
-0.009904 0.011174 -0.023213
0.005084 0.042938 -0.010896
-0.001801 0.010388 -0.014793
0.004662 -0.116905 0.180076
-0.005223 -0.038026 0.103240
0.072332 -0.020410 0.010299
0.044074 0.014000 0.018174
0.009458 0.001630 -0.003746
-0.071733 -0.013382 -0.036925
-0.016103 0.020060 -0.018036
-0.011217 0.054917 -0.023807
0.017858 0.012451 -0.010013
-0.036062 0.093328 -0.180061
-0.019221 -0.033465 -0.060169
0.062910 -0.038215 0.104317
0.004277 0.012125 -0.035474
0.029462 0.048694 -0.007991
-0.006852 0.003655 -0.087427
0.005124 0.012294 -0.019206
-0.024393 0.027007 0.061479
-0.006045 0.050205 -0.129442
-0.046088 -0.021926 0.130837
-0.004938 0.066314 -0.149492
0.051110 0.072299 -0.144868
0.039347 0.044025 -0.021103
0.087583 0.027787 -0.033968
0.000957 -0.023661 0.077386
-0.023584 0.008301 0.059405
0.028491 -0.099866 0.011267
0.026581 -0.010888 0.020288
0.118559 0.095694 0.362355
0.011837 -0.030362 -0.060438
-0.075966 0.008460 0.012984
0.073766 -0.019984 0.026901
-0.003780 0.079986 0.025429
0.022748 -0.020054 0.003461
0.024514 0.005781 0.013209
-0.096991 -0.014670 -0.094236
-0.015617 -0.049771 0.035274
-0.000667 -0.001013 -0.015685
0.017936 0.042541 0.000005
-0.024408 -0.003261 0.019244
0.021323 0.018725 0.130792
0.079799 -0.044798 -0.070268
0.001046 -0.019105 -0.034420
0.171345 -0.260531 0.313219
-0.002014 0.055234 0.140410
-0.541886 -0.093916 0.818445
0.040916 0.093554 -0.220272
-0.083629 0.001245 -0.026189
0.006325 -0.008797 -0.046346
0.007143 -0.019245 0.002528
-0.013243 -0.048672 -0.033906
0.000093 -0.050331 0.056634
-0.004486 -0.142625 -0.252751
-0.154915 -0.063141 -0.100206
0.000800 -0.000377 -0.002319
-0.001186 0.001043 -0.066858
-0.049789 0.009906 0.090740
-0.024925 0.022358 0.118401
-0.006388 0.000495 0.072254
0.027628 0.005116 -0.113022
-0.055101 0.036980 -0.202826
0.028852 -0.029198 -0.009449
-0.047364 -0.005358 -0.018287
-0.002130 0.010165 0.055115
0.025271 -0.001426 0.063233
-0.022689 0.010525 0.041971
0.080719 -0.019717 -0.004899
-0.013836 -0.008719 -0.016461
0.004081 0.183153 0.060479
-0.015614 0.050544 0.088163
0.213770 -0.035378 -0.005908
-0.004739 -0.009708 0.032291
-0.117045 0.197559 -0.030921
-0.067163 0.047164 0.077254
0.014906 0.011580 0.025798
-0.024908 -0.023572 -0.014796
0.026019 -0.022315 0.072723
0.012128 0.020390 -0.057612
0.116177 0.108610 0.113528
0.043538 0.070735 0.076942
0.002358 0.053242 -0.021380
0.143962 -0.074388 0.021738
0.004804 0.005227 0.052475
0.023258 0.024092 -0.016595
0.003651 -0.017703 -0.011214
-0.004157 0.037619 0.038236
0.058674 -0.276823 -0.114388
0.002363 -0.048714 0.024086
0.015698 0.006388 0.007411
-0.185759 0.097291 -0.135592
-0.012476 0.031716 0.027680
0.073285 -0.051063 -0.001815
-0.022208 -0.008297 -0.076583
0.006858 -0.007154 -0.050257
-0.092016 0.027783 -0.006073
0.053777 0.014445 0.028024
0.017807 0.031310 0.065301
0.095462 0.076094 0.301853
-0.042331 0.109051 0.010041
-0.009063 -0.164348 0.001729
0.205284 0.014660 -0.047081
-0.132372 0.012334 0.023076
0.029873 0.015831 -0.055129
0.055188 0.058248 -0.013930
0.003156 0.010943 -0.045976
-0.047930 0.059070 0.018202
-0.000832 0.043888 -0.058950
0.032291 -0.004292 -0.137516
0.039114 0.001194 0.014730
0.036827 0.004279 0.030950
0.127248 -0.024515 0.019744
-0.011807 0.047435 -0.003000
0.172029 0.002176 -0.030614
-0.010623 0.015787 0.095013
-0.051493 -0.028280 -0.061403
-0.051566 0.034776 -0.027037
0.153457 -0.016396 0.119357
0.009266 0.002667 0.045017
0.093458 -0.053696 0.003809
0.100022 -0.000202 0.024100
0.030934 0.085876 -0.035608
0.067933 0.000422 0.018989
-0.027693 -0.022275 0.102490
0.059565 -0.018188 0.021941
0.012803 -0.018477 -0.201719
-0.028931 0.121803 -0.233794
-0.027338 0.098846 0.152971
0.039052 0.039838 -0.099128
-0.036395 -0.062442 -0.089970
0.007063 -0.033773 0.067948
-0.445520 -0.006261 0.072162
-0.034615 -0.004731 0.141906
0.067640 -0.014226 -0.036539
0.004818 -0.005667 -0.099785
0.069711 0.030917 0.227486
0.008884 0.039368 0.018431
0.048705 0.016084 -0.001095
0.015224 0.002404 0.055403
0.009625 0.015728 -0.056794
-0.007985 0.006434 -0.107814
0.040483 0.081915 -0.040075
0.001969 -0.076817 -0.163692
-0.019881 0.013228 0.001680
0.023102 0.016957 0.013987
-0.017685 0.003485 0.028467
0.033910 0.035777 0.000396
-0.010493 -0.059672 -0.101152
-0.035337 0.210496 0.085989
-0.109190 -0.048277 0.262565
-0.029018 0.001690 -0.026492
0.033964 -0.219072 0.254033
0.017265 -0.018973 0.092724
-0.015490 -0.028083 -0.089011
-0.013047 0.006875 -0.027778
-0.000626 0.005024 0.008131
-0.010548 0.004351 0.127921
-0.035153 0.005049 0.013497
0.022343 -0.028632 0.087167
0.066866 -0.039923 0.012890
0.019628 -0.003177 0.054507
-0.014331 0.017835 -0.083331
-0.049442 0.000820 -0.042700
-0.003744 0.011233 0.170863
-0.039860 -0.036769 0.081288
0.012735 0.004261 -0.184253
-0.034086 0.069830 -0.170044
-0.032269 0.010505 0.002414
-0.006916 -0.001721 -0.178021
0.040866 0.005771 0.005073
0.042101 0.030235 -0.008198
-0.146656 -0.021287 -0.001757
-0.270071 0.113935 0.005814
0.324397 -0.005382 -0.072790
-0.043658 0.016208 -0.021758
0.009858 -0.005877 0.113707
0.083006 -0.217896 0.243270
-0.046057 -0.008587 0.090563
-0.051746 0.015761 0.003565
-0.016612 0.015684 0.012820
-0.017302 0.066664 -0.182314
-0.023086 -0.005662 0.060031
0.225086 -0.070195 0.033577
0.007105 -0.007919 0.105878
0.086835 0.127321 0.241000
0.019319 0.013362 -0.027064
-0.007670 0.132458 0.075507
0.047000 -0.008143 0.006747
0.012520 -0.024602 -0.000811
-0.065726 0.001047 -0.000247
0.098701 -0.004492 0.044315
-0.106564 0.000884 0.020674
-0.016786 -0.106073 -0.079207
-0.032865 -0.044943 0.004175
-0.001066 0.003249 -0.063134
-0.097214 -0.070802 -0.077639
0.058683 0.018737 0.007702
0.001134 0.051068 -0.109751
-0.024027 -0.011741 0.004682
0.023450 -0.044181 0.011938
-0.040863 -0.016332 -0.011374
-0.088763 -0.017954 -0.368685
0.013701 0.045781 -0.036347
0.127474 0.020398 -0.052786
-0.068427 0.007482 -0.068821
-0.034369 0.020047 0.047897
-0.015437 -0.164194 -0.091765
0.000972 0.075984 -0.031510
0.004127 -0.002317 -0.043436
-0.256237 0.191477 -0.281349
0.088838 0.074740 0.052741
0.014623 -0.012206 -0.067275
0.011004 0.038931 -0.014602
0.022549 -0.018930 0.029052
-0.007586 -0.032526 -0.061341
-0.026445 0.062031 0.020614
0.001998 0.022619 -0.028820
0.106883 0.010827 0.051996
0.028956 0.015436 -0.040397
0.215872 -0.031274 0.051155
-0.094154 0.005286 0.049779
0.005676 0.016782 0.104696
0.097628 -0.022331 -0.060048
-0.031071 0.039077 -0.041716
0.081667 -0.010519 0.013144
0.012463 -0.004111 0.105636
0.086780 0.020512 -0.051641
0.028397 0.037181 -0.114415
0.165655 0.138699 -0.080710
0.026089 -0.036472 -0.046814
0.140413 -0.019886 -0.020599
0.070372 0.056362 -0.431269
0.082800 -0.023459 0.000197
0.028779 0.066468 -0.054354
-0.169500 -0.210214 0.174073
0.069829 0.045983 0.053042
0.000676 -0.003940 0.074559
0.113173 -0.219385 -0.237268
0.017765 -0.000892 -0.091362
-0.001891 -0.022165 0.128072
-0.045569 -0.008961 0.001788
-0.099833 0.007807 -0.059745
-0.101884 0.091519 -0.212888
-0.007985 -0.048272 -0.001625
0.010580 -0.006555 -0.092039
0.003114 -0.041143 -0.031511
0.012205 0.006281 -0.041173
0.028940 -0.020004 0.062431
-0.019807 -0.029841 0.061593
-0.000871 -0.008836 -0.012749
0.009827 0.004573 0.022512
-0.002073 0.046253 0.139715
0.003416 0.216212 0.041677
0.090376 -0.001490 0.059363
-0.026002 0.007927 -0.036012
-0.013631 0.009982 0.145610
0.003603 -0.018502 0.022647
-0.055054 0.023449 -0.043993
-0.117856 -0.033376 -0.010300
-0.002024 0.001398 -0.053792
-0.013000 0.005902 -0.220782
0.021790 -0.001059 -0.086990
-0.007641 -0.000982 -0.024278
-0.041768 -0.058895 -0.004303
0.015828 0.014433 -0.005225
0.000174 0.013622 0.031618
0.143707 -0.063496 -0.048969
-0.020746 0.004718 0.030208
-0.008557 0.013993 0.148052
0.007277 0.027728 0.024149
0.069159 0.059646 -0.002099
0.005404 -0.007928 0.010749
0.127976 -0.118635 0.030668
-0.039868 0.052558 0.082019
0.009843 0.020287 -0.331580
-0.025215 -0.018317 0.020825
0.038181 -0.008496 0.036323
-0.006723 0.075652 0.020412
-0.008663 0.012286 -0.047442
-0.003932 -0.013027 0.008273
-0.087932 -0.000023 -0.034199
0.399455 0.244498 -0.038378
-0.051635 0.002751 0.030751
-0.022201 -0.086867 -0.091059
0.016179 0.015180 0.000276
-0.023807 0.030287 0.000654
-0.165337 0.048333 0.103820
0.078045 0.038234 0.010735
-0.022966 0.065761 0.052517
0.011581 0.009449 -0.071137
-0.066124 -0.057942 -0.008411
0.008248 -0.005343 0.035609
0.130523 0.227038 0.179709
0.146116 0.051809 -0.029291
0.046884 0.084559 -0.039005
-0.040583 0.079172 0.087655
-0.008531 -0.027442 -0.092969
-0.052525 -0.015567 0.072187
0.001348 0.009127 -0.011584
0.000892 0.015315 0.028835
0.050877 0.005304 -0.015117
0.332638 -0.009636 -0.073030
-0.016660 -0.013577 -0.072176
0.063332 -0.016684 -0.055768
0.149101 0.013706 0.041571
-0.018564 -0.007063 0.001289
0.039278 0.036222 0.018677
-0.051564 -0.015880 -0.036612
0.044462 0.084421 0.020537
-0.042065 -0.094563 -0.077317
0.101882 0.101973 -0.017443
0.011778 0.000302 0.548666
-0.000168 -0.016373 -0.060292
0.020021 -0.001382 0.031108
-0.052263 0.006306 0.003361
-0.050635 -0.116002 0.002078
0.007952 -0.092518 0.007774
0.007500 0.006564 -0.017803
0.087361 0.001457 0.074835
0.028634 0.024731 -0.029890
0.075593 -0.040075 0.044176
-0.018978 -0.046496 -0.008006
-0.100046 -0.118042 0.042561
-0.009756 0.016888 -0.038302
0.040206 0.007688 0.037748
-0.022064 0.005428 0.200145
0.001974 0.008694 -0.033691
-0.067952 -0.026949 0.010501
-0.040778 -0.093227 -0.129478
0.018417 -0.014256 0.020146
-0.010639 0.025228 0.015387
-0.002276 -0.005098 -0.082978
-0.014287 -0.012413 0.020291
-0.028046 -0.083219 -0.112960
0.021714 0.032503 -0.013997
0.033836 -0.064285 -0.038159
-0.069405 0.027176 0.054428
0.005103 -0.004787 0.146661
0.000318 -0.021986 0.001367
0.071144 0.111862 0.041376
-0.038824 0.014595 0.037466
0.031413 -0.035585 0.132390
-0.038486 0.066222 0.002274
0.103407 0.015894 -0.012883
-0.132408 0.172278 0.058753
0.033282 0.085468 0.055490
-0.005180 -0.011046 -0.119784
-0.121666 0.096180 -0.120168
-0.063798 0.030790 -0.086591
0.022674 0.000091 0.018313
0.030639 -0.176380 0.024031
0.003633 -0.007275 -0.021854
0.005751 -0.004314 -0.096475
-0.459400 -0.219365 -0.163908
-0.100079 0.066680 -0.042124
-0.051852 0.036342 -0.026885
0.081960 0.118733 0.210151
0.028066 -0.023493 -0.045222
-0.112544 0.013165 0.082442
0.096870 0.024172 0.069218
-0.010341 -0.034615 -0.009594
0.062688 0.028024 0.103411
0.007754 -0.040255 -0.099091
-0.071909 0.012632 0.013313
-0.022047 0.009606 -0.263044
0.017499 -0.116472 -0.011659
-0.008050 -0.059334 0.003577
0.033069 0.009062 0.099240
0.065683 -0.011524 -0.021298
-0.004772 0.110126 0.092207
-0.037950 -0.000864 0.068083
0.010195 0.023759 0.033397
0.168638 -0.026576 -0.025830
-0.059549 0.046132 0.060743
-0.032237 -0.036519 -0.124640
-0.043539 0.032759 -0.203527
0.110780 0.038886 -0.076809
0.000748 0.030587 -0.043292
-0.019214 -0.051971 0.067464
-0.029981 -0.008643 0.018532
0.118285 0.008576 0.007725
-0.044346 0.042896 -0.033996
0.030275 0.110899 0.053327
0.033205 0.002105 -0.028627
0.003678 0.059301 -0.030777
-0.007497 -0.017872 0.033080
0.132718 -0.086507 0.011846
-0.104923 0.003426 0.104759
-0.095026 0.070740 -0.110861
-0.178722 0.102606 0.067303
0.164359 -0.112437 -0.146842
-0.046585 0.010867 -0.245913
-0.016421 0.001667 0.015249
0.024305 0.034067 0.003624
-0.056633 0.123759 -0.125226
0.174095 -0.048791 -0.130036
0.119127 -0.112418 -0.315189
0.009509 0.050993 0.039902
0.000888 -0.024378 0.134923
0.029566 -0.000405 -0.007211
-0.067995 0.033538 -0.178918
0.020259 0.010303 -0.012331
0.015417 0.015262 -0.038191
0.004063 -0.016838 0.015359
0.106304 0.054468 -0.131988
-0.019962 0.003819 -0.032013
0.097038 0.032166 -0.031040
0.018190 -0.083137 -0.007320
-0.061315 -0.094749 -0.175790
-0.060211 0.111243 -0.139245
0.003350 0.010832 0.041781
-0.026270 0.025309 0.029227
0.134984 -0.112283 0.032266
0.017516 -0.032309 0.091011
-0.013349 -0.023458 0.219488
0.011036 -0.010661 0.032132
0.198141 -0.079358 0.095805
0.013114 0.043258 0.005259
-0.053796 0.058617 -0.082613
-0.018746 0.030650 0.121102
0.067714 -0.024824 0.013917
-0.037673 0.051267 0.113134
-0.020393 0.026207 -0.074907
-0.024490 0.014346 0.074347
0.048178 -0.010200 0.005656
0.012055 -0.016159 -0.149788
0.092620 -0.003412 0.000788
0.008131 0.046667 0.017893
0.017421 -0.141091 0.228211
-0.015206 0.015036 -0.024362
0.023290 -0.022963 -0.026245
-0.044589 -0.020479 -0.059654
-0.032962 0.110457 0.044170
-0.021020 0.018040 0.027688
0.199553 -0.142093 0.012045
-0.001473 -0.029319 0.004374
0.012524 0.060944 0.066447
0.065266 0.035934 -0.004606
0.081313 0.053871 0.009288
-0.012791 0.107484 -0.006307
0.023596 -0.009302 0.006951
-0.001571 0.015524 0.009740
-0.002247 0.005146 -0.050405
-0.033844 -0.021835 -0.064025
0.082369 -0.023943 0.037334
0.015276 -0.006671 -0.021357
0.030745 -0.033755 0.111939
0.127914 0.012910 -0.174316
0.013650 0.035815 0.044380
0.003337 0.029146 0.044633
0.000992 0.030064 -0.000115
-0.078431 0.082712 0.235562
0.027740 0.027066 -0.050883
-0.178161 0.170089 -0.007340
0.059283 -0.049973 -0.030862
-0.321081 0.198864 -0.051801
-0.058176 -0.006518 0.009526
-0.090331 0.076168 0.008698
0.059240 -0.032241 0.151302
-0.103077 0.094165 0.065438
0.135670 0.055816 -0.160008
0.004759 0.057834 -0.099805
0.023913 0.139259 0.052147
0.000529 -0.027968 0.013026
-0.003238 0.000662 -0.088316
0.557028 0.039701 -0.757167
0.013934 0.058416 -0.196485
0.009967 0.002917 0.055850
-0.011006 0.027394 0.018027
-0.006964 -0.127960 0.046610
0.001496 -0.012209 -0.061252
-0.061282 -0.013984 0.132667
0.008962 0.016538 0.117664
0.000208 0.003926 -0.033788
-0.007009 -0.042657 -0.040293
-0.024581 -0.101167 0.174301
-0.096776 -0.032451 0.056560
0.019683 -0.012174 -0.020669
0.018944 -0.026696 -0.119958
0.009566 -0.021559 0.002297
0.037984 -0.106133 -0.061184
-0.041850 -0.016919 0.047699
0.031326 0.018653 -0.009359
0.042305 0.276402 -0.192173
0.080297 -0.045312 -0.045253
-0.120071 0.025934 -0.009685
0.099680 0.122165 -0.043319
0.013367 -0.037409 -0.015470
0.011707 -0.007652 -0.100328
0.061757 0.039209 -0.010947
-0.036234 -0.065340 0.142561
0.030626 -0.013462 -0.012860
-0.005566 -0.003225 0.057602
-0.021204 0.028648 0.001393
-0.039098 -0.103661 -0.030602
0.047596 0.009508 -0.107189
-0.031797 -0.052811 0.126015
0.030406 0.016552 -0.005770
0.039196 -0.009257 -0.058217
0.008825 0.012685 0.070316
-0.015947 0.022717 0.007737
0.011756 0.012511 -0.028207
0.023081 -0.020493 -0.074751
0.144855 0.042587 -0.006253
0.023945 0.003667 -0.016978
0.034562 0.027153 -0.080417
-0.029485 -0.010787 0.015169
-0.024823 0.009131 0.120375
0.032623 0.055592 -0.024200
0.057038 0.009604 -0.098710
0.416739 -0.006021 -0.078052
0.091412 -0.036005 0.156955
0.032974 -0.001523 0.007265
-0.009205 0.067971 0.080493
0.071401 -0.026769 0.027511
-0.012524 0.042588 -0.026876
-0.018443 -0.014666 0.097582
0.033923 0.015025 -0.031348
0.112273 -0.062107 0.292687
0.005939 0.085219 0.000962
0.141803 0.031441 -0.025757
0.002088 -0.210864 -0.117276
0.123266 0.031651 -0.020262
0.103637 -0.018039 -0.025587
0.066401 0.013895 -0.051591
0.112963 -0.005860 -0.061056
-0.010196 0.054441 0.031061
0.031726 0.036882 0.024354
-0.078489 0.076647 -0.065223
-0.032191 0.028749 -0.026124
0.112017 0.031207 0.076307
0.034229 0.001418 0.022663
-0.008825 -0.012314 0.099260
0.049356 0.059728 -0.147541
0.148405 -0.004593 -0.047881
0.125010 0.016576 0.022427
-0.055600 0.004037 0.027497
-0.155751 0.046985 0.009264
-0.163627 0.060468 0.023366
-0.034023 -0.012159 -0.037274
0.002291 0.023884 -0.071697
0.051780 0.045651 -0.111984
-0.065160 0.014390 -0.021199
-0.034618 -0.002839 -0.044944
-0.165079 0.026631 0.090902
0.103224 -0.063449 0.064426
0.048673 0.012239 0.071656
0.007848 0.035990 -0.023477
-0.382915 0.070287 0.166069
0.199796 -0.031289 -0.046704
-0.044648 0.012978 0.001218
-0.260025 -0.016740 -0.005151
0.038161 -0.037893 -0.048817
0.199206 -0.035909 0.036770
-0.009134 0.016486 0.031414
-0.113379 -0.045082 -0.046896
-0.095266 0.049745 -0.001261
-0.152957 0.058610 -0.054807
0.115426 0.040955 -0.169173
-0.099993 0.084537 -0.038632
-0.118855 0.067569 0.126592
0.027775 -0.004935 -0.012671
0.080588 0.025270 -0.091072
0.244583 0.023075 -0.066854
0.009191 -0.030160 0.043771
0.008973 0.007680 0.037177
0.003218 0.012473 0.012210
-0.006349 -0.030069 0.001773
0.047834 0.045320 -0.015147
-0.099117 0.050318 -0.137697
0.082725 -0.042919 0.050806
-0.052572 0.013014 -0.000941
0.018297 0.015040 0.045550
0.032705 -0.012661 -0.117397
0.030127 0.051084 -0.065497
0.000694 0.048445 -0.050397
-0.006653 0.000720 -0.036596
-0.061932 0.106128 -0.041674
0.042658 -0.207928 -0.029529
-0.030693 -0.006426 0.099840
-0.050058 0.195734 -0.175611
0.019224 0.051616 0.009242
0.105211 -0.036273 -0.157761
0.000608 -0.020840 0.068176
0.055881 0.018414 0.137514
0.042801 0.022051 -0.080720
0.094743 -0.026613 0.021576
-0.048671 -0.133964 0.038944
-0.247552 0.018268 -0.049047
-0.035544 0.066366 0.133314
-0.064029 0.016429 -0.031366
0.058561 -0.062318 0.159232
0.226552 -0.003664 0.012216
0.007938 -0.036468 -0.100447
0.132997 -0.059293 0.021383
-0.033347 0.028475 0.147550
-0.243633 0.084293 0.036710
0.000781 -0.038337 0.056202
-0.056878 0.036529 -0.011108
-0.645078 0.060807 0.008883
-0.155451 0.043292 0.070971
-0.006084 0.071815 0.077798
-0.164260 0.101048 -0.004386
0.219886 -0.034948 -0.027105
0.123943 -0.041070 0.041510
-0.199388 -0.035354 0.057697
0.103341 -0.029489 -0.011402
0.222408 -0.029801 0.099750
-0.112633 0.010695 -0.055673
0.094051 -0.010462 0.029856
0.083634 0.043138 0.106805
-0.347018 0.089553 0.218509
0.074117 0.041108 0.071104
0.478782 -0.104603 0.053734
0.054226 -0.003042 -0.064621
-0.034829 -0.024673 -0.089879
0.036480 -0.004028 0.194739
-0.032385 0.019347 -0.015842
0.016635 0.053968 0.032001
0.102585 0.022650 -0.063541
0.059314 -0.056723 -0.027356
0.080854 -0.082255 0.020571
0.251325 0.011006 -0.047774
-0.018219 -0.040296 -0.110032
-0.018853 0.023112 -0.048810
-0.004333 -0.082446 0.347922
-0.065707 -0.021179 0.229323
0.210648 -0.101508 0.154604
-0.072598 -0.019141 0.125386
-0.002434 0.027373 -0.022192
-0.222770 -0.012814 0.039184
0.083688 -0.010831 -0.014347
-0.019797 -0.022369 -0.081428
0.061672 0.021855 -0.097868
-0.045434 -0.007132 -0.009811
-0.041753 0.013782 -0.027000
-0.017049 -0.021644 -0.030424
0.000695 0.036690 -0.015248
0.054670 -0.000711 0.066717
0.014364 -0.031288 -0.070706
0.247060 -0.014881 -0.285531
-0.018847 0.042540 -0.021956
-0.184034 -0.114383 -0.046467
-0.084993 0.069246 0.082330
0.004745 0.009809 -0.081858
-0.039686 -0.020978 -0.018759
0.005160 -0.065642 -0.033749
-0.004467 -0.017404 0.074491
0.025731 -0.020955 0.008733
0.052742 0.032463 0.032346
-0.046083 0.003669 -0.079006
-0.159125 -0.106304 -0.144427
0.042857 -0.020146 -0.026772
0.037185 0.001315 0.027899
0.060478 0.042880 -0.136491
-0.022506 0.004364 -0.008558
0.066488 -0.089642 -0.062287
0.019656 0.031057 -0.069401
0.073833 0.066203 0.157615
0.139403 -0.004753 -0.014639
0.088878 -0.080257 0.004736
-0.141828 0.011659 -0.008541
-0.147285 -0.032222 -0.018794
-0.100780 -0.214623 0.026742
-0.054690 0.019307 -0.010973
-0.009296 0.004502 0.018929
-0.025427 0.102482 -0.110569
0.106732 -0.006104 0.029101
0.243904 0.031107 0.070969
-0.023750 0.053129 -0.064302
0.072017 -0.019085 -0.109411
-0.012388 -0.017264 0.028359
0.035502 -0.009395 -0.011747
-0.006647 -0.012345 0.028531
0.091741 0.008159 0.010177
0.226312 -0.001545 -0.023432
-0.066000 -0.024960 -0.005580
-0.003936 -0.050709 0.102069
0.048636 -0.028968 0.104215
-0.012942 -0.059280 0.068917
0.200716 -0.125966 0.055100
0.011263 0.035981 0.066002
0.012570 -0.023818 0.003104
-0.139743 0.026075 0.054266
0.148602 0.036398 0.024559
0.247489 -0.001386 -0.092161
0.087911 -0.042525 -0.025507
0.327208 0.072515 -0.048607
-0.173606 0.032879 0.012485
-0.105679 0.095077 -0.002590
0.100509 0.001280 -0.110003
-0.121110 0.066478 -0.148144
0.003278 -0.057858 0.207414
-0.572299 0.022122 -0.003033
0.077490 -0.097588 0.135721
0.240298 -0.009164 0.006458
0.191342 -0.010735 0.017029
0.117837 0.020125 0.105164
-0.124111 -0.033321 0.116172
0.062954 0.068964 -0.102050
-0.146493 0.040476 0.141135
0.012572 0.016843 -0.019378
-0.087379 0.097641 0.050402
-0.251470 -0.110679 0.143403
0.028348 -0.007428 -0.082962
0.223154 -0.011392 -0.048911
0.027112 0.009748 -0.024380
-0.004279 0.071900 0.079736
0.193959 -0.134106 0.068927
0.047037 -0.011202 -0.053532
0.150656 -0.016947 0.070096
-0.389388 0.009928 -0.004035
0.096150 0.174778 -0.010813
-0.037521 -0.015957 -0.035250
0.037031 0.031793 -0.009084
0.147051 -0.021167 0.068404
-0.169519 -0.036908 0.010249
-0.029527 0.090682 0.114530
0.020296 0.033708 0.078044
-0.026109 0.062777 0.033253
0.450568 -0.023877 -0.010539
-0.336457 0.033312 -0.002348
-0.097875 0.003198 0.046822
-0.034878 0.030777 -0.037411
-0.008869 -0.005089 0.018008
-0.019476 0.032116 0.132122
0.066146 -0.017036 -0.035286
-0.005083 0.029847 -0.012625
0.011153 0.039283 -0.010173
-0.219911 -0.212406 -0.300777
-0.141729 0.055989 -0.008766
-0.066253 0.046063 0.013702
-0.024675 0.053972 -0.002122
0.013397 0.018934 -0.123434
-0.060819 -0.052644 0.150672
-0.036977 0.020417 -0.148680
0.013280 0.021805 -0.035427
-0.023661 0.128494 -0.078055
0.050622 0.037225 0.033995
0.023440 0.069501 0.000501
-0.099087 -0.017265 0.121606
-0.025919 -0.028945 -0.055141
0.024263 -0.014606 -0.029118
0.071029 -0.017919 -0.033157
-0.052379 -0.025818 0.151060
-0.009399 0.036246 0.031495
-0.017867 -0.017594 0.092540
0.042039 0.006483 -0.012961
0.028423 0.006984 -0.047376
0.474840 0.009755 -0.098776
0.104468 0.292174 0.026567
-0.079227 0.019684 -0.013354
-0.071096 0.014386 -0.016494
0.008518 0.027921 0.009975
0.318441 0.024249 -0.048100
0.069237 0.035542 -0.008679
0.103085 0.023207 -0.035752
0.129952 0.017386 -0.029849
0.163061 0.016186 -0.002688
-0.032498 0.032420 -0.010107
-0.106164 0.174205 0.130975
-0.012875 0.022051 -0.001449
0.204167 -0.043098 -0.074325
0.276732 0.009658 -0.050887
-0.303876 0.125220 -0.017607
0.190994 -0.067602 -0.011473
0.112470 -0.026359 -0.003463
0.017530 -0.035240 -0.071991
0.037955 0.014507 -0.042116
-0.047574 -0.089077 -0.123547
-0.257513 -0.000502 0.049770
0.010398 0.013299 -0.005586
0.183982 -0.011914 -0.037141
0.019067 -0.069024 0.117778
0.697803 -0.086000 0.074663
0.116454 0.017640 0.007628
0.031891 -0.010388 0.049800
0.009716 -0.002274 0.095745
-0.028625 0.030705 -0.012271
0.073248 -0.015634 -0.006570
0.058774 0.028193 -0.071330
0.347186 -0.146602 0.008586
-0.106996 -0.020391 -0.002686
-0.152275 -0.099109 -0.091325
-0.096357 0.048610 -0.017177
-0.019673 0.006130 -0.018521
0.018815 -0.093431 0.128800
-0.001785 0.031020 -0.055286
0.219194 0.057737 0.073168
0.018802 0.005696 -0.013194
0.149547 -0.009391 -0.045356
0.104407 -0.005686 0.047156
0.002884 0.004762 -0.024609
-0.023793 0.036693 0.139814
0.022811 0.009838 0.094512
-0.001864 0.013651 -0.043994
-0.153066 -0.070224 -0.018402
-0.218179 -0.406398 -0.278454
0.018917 -0.040204 -0.015344
-0.007636 0.012594 -0.098695
-0.056987 0.008407 -0.008159
-0.011505 0.046726 -0.159573
-0.125438 0.146289 -0.057447
0.043178 -0.001385 0.045467
0.092973 0.099747 -0.079064
0.062194 0.016768 -0.164444
-0.030468 0.020824 -0.061017
0.333792 0.007486 -0.017152
-0.026029 0.019706 -0.022240
0.032372 0.009065 0.008945
-0.027220 0.070519 -0.021460
0.056590 0.133709 0.072138
0.021035 0.029868 -0.098866
0.013730 0.038954 0.079094
0.125480 -0.031906 -0.074113
-0.345620 0.051351 0.026793
0.080074 -0.102723 0.053470
-0.103055 0.170198 0.101803
0.001895 -0.020782 -0.021419
0.017714 -0.009699 0.009255
0.008640 -0.025850 -0.062368
0.113824 0.020486 0.104990
0.174515 -0.056680 0.064848
-0.349061 0.019447 0.087291
-0.256791 0.013983 0.029525
-0.480509 0.000099 0.089267
0.009716 0.045052 -0.090033
-0.052090 0.104781 0.069878
-0.026991 -0.054746 0.006550
-0.003812 0.014089 0.037163
-0.243534 0.033148 0.097396
-0.086355 -0.068460 0.080545
0.081179 0.073457 -0.108490
0.002427 -0.001945 0.040581
0.143052 -0.033555 -0.014827
0.481753 0.044612 0.052489
-0.091541 -0.065065 0.038150
-0.142659 0.046345 -0.026471
0.088831 0.083242 0.053924
0.084314 0.004889 0.034990
0.036813 0.046808 0.011233
0.036506 -0.004695 -0.030662
0.253134 -0.058989 0.001682
-0.085712 0.011110 0.056325
0.040690 -0.023416 0.096806
-0.000569 0.004218 -0.110121
0.027697 -0.005747 -0.021160
0.047351 -0.029280 -0.067391
0.136049 -0.019436 0.052342
-0.076533 -0.068359 0.066902
0.065873 0.017681 0.034092
0.083000 0.080993 0.073354
-0.096957 0.066631 0.035093
0.010626 0.050956 -0.042683
0.024724 0.055514 -0.081971
-0.347626 -0.006864 0.049337
0.185000 0.012276 -0.050713
-0.039311 0.008768 -0.035931
0.002621 -0.065439 -0.067981
-0.047823 0.036555 -0.074091
0.055160 0.011367 0.031371
0.017185 0.007599 -0.014227
0.100541 0.005572 -0.017585
0.194450 0.028960 0.004880
0.060374 -0.276614 -0.207175
-0.086409 -0.000161 0.012727
-0.115032 -0.010101 -0.032470
-0.005515 -0.033288 0.055666
0.017180 0.034371 -0.082974
-0.046176 0.010442 0.068072
0.000203 0.031407 -0.034904
0.048832 0.203981 -0.020800
0.047648 0.015509 0.031312
0.144985 0.028811 0.005168
-0.020291 -0.020702 -0.016592
-0.008688 0.197974 0.111137
0.046424 0.030574 0.111056
-0.038859 0.015892 0.082190
-0.008895 -0.025166 -0.081498
0.062691 0.119336 0.018775
-0.125692 0.234463 -0.059387
0.072889 0.045718 0.076501
0.072160 0.007390 -0.032646
-0.193097 0.183088 -0.062078
-0.238891 0.104686 -0.036287
0.056395 0.074958 0.083306
0.492233 -0.070819 -0.040007
0.210211 -0.003660 -0.002464
0.191857 0.065626 -0.164646
-0.134626 0.024280 -0.027142
0.058175 -0.135539 -0.023327
-0.154242 -0.021223 0.153683
-0.014861 -0.025149 -0.070704
0.000472 -0.023312 -0.035869
0.148938 0.045421 0.019206
0.187039 0.090215 0.056183
0.017941 0.001854 0.012857
0.089189 -0.032390 0.044960
0.186713 -0.118300 0.099068
0.006289 -0.009776 0.001313
-0.030411 0.041077 0.117790
-0.076668 -0.108173 -0.057058
0.141560 0.030813 -0.007984
-0.134450 0.051035 0.017097
0.138233 -0.002915 0.067240
0.113084 0.001748 0.043521
-0.002938 -0.017070 -0.066346
0.082517 0.030966 -0.017982
-0.006078 -0.008585 -0.000580
-0.072196 -0.004155 0.039510
-0.025970 -0.006383 -0.151287
-0.027631 0.002137 -0.099430
0.038018 -0.025603 -0.042875
0.017172 0.033475 0.079900
0.196277 0.038194 0.044823
-0.543779 -0.642799 -0.409496
-0.037003 -0.009010 0.052398
-0.210267 -0.110549 0.324550
-0.089157 0.024081 -0.011720
-0.100202 0.062617 -0.096465
0.062382 -0.062715 0.074307
-0.021401 0.005460 0.156736
0.009057 -0.014437 0.038423
0.065150 0.010443 -0.107359
-0.006483 0.019327 0.059841
0.074190 0.005546 0.022574
-0.026701 0.005382 -0.058361
-0.024434 0.049086 0.041361
0.261287 -0.060786 0.039870
-0.029430 0.045319 0.067482
-0.095343 0.115527 0.074659
0.044990 -0.031241 0.124363
0.126394 0.047141 0.019292
-0.260402 -0.004102 0.022869
0.026745 -0.007208 0.026810
0.068006 -0.056746 0.012879
0.022132 -0.022103 0.024822
0.074079 -0.007749 -0.062314
-0.309185 0.075413 0.044312
-0.044728 0.099037 -0.008756
0.070521 0.067991 0.005603
0.388914 0.005507 0.067828
-0.007346 -0.071302 0.011484
-0.032305 -0.036661 -0.037768
0.040418 0.018387 -0.004420
0.114941 0.041154 -0.053388
0.475284 0.007353 0.059279
0.036731 -0.003417 0.005434
-0.457462 0.041452 -0.076969
-0.069558 0.039668 -0.017771
-0.015235 -0.016556 -0.029472
0.012457 0.021688 -0.033870
-0.008079 0.000636 -0.038100
0.022235 -0.006472 0.035579
-0.015987 0.020857 -0.053227
0.057812 -0.058085 0.064290
-0.042972 -0.026034 0.068661
-0.061443 0.091733 0.142902
0.066592 0.074025 -0.007989
-0.350918 -0.048355 0.037176
0.000200 -0.082176 0.103524
-0.036066 0.009338 0.022450
0.012155 0.028598 0.021299
0.075163 0.003656 -0.034127
0.171118 -0.065417 0.090791
0.008110 0.000608 0.023916
0.241402 -0.078951 0.159358
-0.019394 -0.000145 -0.109972
-0.038420 0.018739 0.034957
-0.030756 -0.001461 -0.020603
0.056667 0.062848 -0.034507
0.021062 0.014189 -0.096447
0.090571 -0.175677 0.406472
0.076260 -0.028319 0.000718
-0.040570 0.092155 0.066228
-0.053679 0.129624 0.037326
0.052276 -0.006239 0.046159
0.070685 -0.095951 -0.008787
-0.012698 0.014393 -0.108922
-0.018323 0.035133 0.074238
0.077108 0.001304 0.015086
0.115864 -0.026348 0.044599
0.086546 -0.035271 -0.069456
0.013376 0.077174 -0.109295
0.060186 -0.101782 -0.015993
-0.062534 -0.007817 -0.001680
0.010664 0.063886 0.009646
-0.027902 -0.015686 -0.246544
0.004240 0.042481 0.002546
-0.040483 0.006355 0.063952
-0.044046 -0.027661 -0.067186
-0.038731 -0.015356 -0.007558
-0.171636 0.108159 -0.124489
-0.084173 -0.004498 -0.027216
-0.140109 0.028510 0.045787
0.031563 0.012754 0.025473
0.055682 0.046823 0.077298
-0.043518 -0.002886 -0.034699
-0.027903 0.082517 0.048130
0.052559 -0.017787 0.229705
-0.002898 0.022992 0.011190
0.030255 -0.012455 -0.026077
-0.107628 -0.033428 0.033204
0.156192 0.035696 -0.011745
0.107671 0.043110 0.048671
-0.032272 0.067884 -0.059783
-0.051656 0.009258 -0.041633
-0.180943 -0.014775 0.231153
0.056957 0.021726 -0.008125
0.097223 -0.119466 0.061428
0.040987 0.110311 -0.074852
0.193579 -0.028440 -0.005688
-0.031865 0.026127 0.085076
0.091723 0.071437 -0.062035
-0.096804 -0.017779 -0.031518
-0.006184 -0.011966 0.097929
-0.008645 0.007966 0.099417
0.153166 -0.136080 0.286200
-0.035999 0.026759 -0.058958
-0.136717 0.040195 -0.079323
0.008470 -0.007183 0.165735
0.011350 0.019678 -0.020472
0.050414 -0.021533 -0.002912
-0.020542 0.061956 -0.055740
0.062405 -0.811680 -0.396565
0.052691 0.000059 -0.018709
-0.165178 -0.084843 0.395274
-0.070477 0.004308 0.052714
-0.094785 -0.000933 0.011195
0.024645 0.037740 -0.000779
-0.001902 -0.007022 0.116077
0.022130 -0.023995 -0.081140
-0.033081 -0.042152 -0.116657
0.133895 0.029619 -0.062061
-0.068646 0.046528 0.014729
0.024626 -0.090302 -0.062533
-0.088218 -0.000283 0.029774
-0.095191 0.046652 0.086298
0.025195 -0.013444 0.114687
-0.064451 0.000120 0.026280
0.070145 0.015539 -0.002778
0.083480 0.203096 -0.019205
-0.382723 0.017489 -0.116865
0.117403 -0.008792 0.013097
-0.111878 -0.204258 -0.019806
-0.050324 -0.018407 0.094662
0.020529 -0.006763 0.027795
-0.010547 0.019127 0.055234
-0.013985 0.014703 -0.020491
0.089640 -0.067065 0.037640
0.031783 -0.042181 -0.000415
-0.014919 0.054611 -0.082422
-0.004156 0.038939 0.024310
-0.008858 0.022868 0.008253
-0.007143 0.011392 -0.023384
0.031036 0.041787 -0.037575
-0.007230 0.072712 -0.133715
0.074655 -0.091088 -0.075581
0.018720 0.156755 0.041771
-0.116831 0.105593 -0.101065
-0.024491 -0.021230 0.042226
0.018888 0.017820 -0.007243
0.021053 -0.020266 0.053549
0.062283 -0.011025 -0.044803
-0.050386 -0.047749 -0.116206
0.007372 0.002403 -0.034819
-0.054131 0.019522 -0.061295
0.173095 -0.198901 -0.158655
0.034941 0.043666 0.140991
0.004099 -0.006012 0.034140
-0.225058 0.024783 0.106292
0.008231 0.041463 0.031485
0.118733 -0.025747 0.080441
0.112933 0.051524 -0.122186
-0.054372 0.045847 0.030272
-0.006112 0.026250 0.021680
0.015555 -0.036633 -0.018412
0.006232 0.027924 0.058919
0.125494 0.024166 0.017712
0.016674 0.026528 -0.054499
-0.112357 0.093556 -0.073764
0.004093 0.036330 0.133436
-0.011277 0.037499 0.057190
0.114048 0.052156 -0.076037
-0.029247 0.028071 0.044698
0.019011 -0.000583 -0.138546
0.216632 -0.101481 -0.109260
0.102692 -0.046767 0.038221
-0.090683 0.000311 -0.036482
0.231323 0.081715 -0.044492
-0.003295 -0.009462 0.039554
-0.214860 0.010237 0.228766
-0.014666 0.134461 -0.005077
0.073447 0.030661 -0.072091
0.117859 -0.020725 0.022885
0.112333 0.011702 0.021656
-0.024256 0.052233 0.041043
0.005597 0.021424 0.016324
0.045672 -0.023643 -0.045387
-0.038250 -0.019836 0.047311
-0.051985 -0.001010 0.057507
0.083512 0.029666 -0.010688
-0.070125 0.135302 0.033351
0.037802 -0.070246 0.029125
-0.004348 0.038786 0.002910
0.069940 0.034668 -0.014683
0.008787 0.023422 0.051452
0.063932 0.022741 0.011384
-0.029992 0.027675 -0.028795
0.232780 0.143107 -0.012142
-0.003576 -0.009471 -0.034971
0.068222 -0.018700 -0.009810
0.024230 0.019341 0.008357
-0.065302 0.103458 -0.105365
-0.008519 0.049440 0.008467
0.026137 -0.007652 0.032406
0.090646 -0.010921 0.029445
-0.027298 -0.029128 -0.031547
-0.057073 0.043695 0.096684
0.005540 0.010003 -0.031587
0.001631 0.067699 -0.165043
0.120065 0.063476 0.070777
-0.122632 0.084454 -0.083231
-0.069559 0.095926 0.122867
0.193169 -0.002695 -0.071236
0.038838 -0.005746 -0.059512
0.003933 0.012223 -0.001631
-0.004389 0.034818 -0.018057
-0.016050 -0.001440 0.019325
0.045990 -0.041706 0.090756
0.138904 0.030815 0.017687
-0.014714 -0.041720 0.077477
0.037672 0.007896 -0.050523
0.040699 0.016924 -0.029102
0.019371 0.014842 0.001135
0.030451 0.000163 -0.010522
-0.041214 0.079363 0.069860
0.041183 0.076246 -0.203202
0.137474 0.053733 0.254122
0.095347 0.003467 -0.048075
-0.112019 -0.012941 0.003260
0.118909 -0.011738 0.003473
0.066682 0.009817 -0.028993
0.033299 -0.022420 0.059895
0.014946 0.009746 0.021390
0.018050 0.019340 -0.025194
-0.030514 -0.068003 0.058170
-0.006437 0.002812 -0.042980
0.072181 -0.123578 -0.287966
0.077287 0.024751 0.034723
0.055378 -0.047592 0.152956
-0.009011 0.011853 0.044411
0.121871 -0.009295 0.057500
0.152465 -0.000867 0.022711
-0.025715 -0.035627 -0.075637
0.032685 0.058304 -0.004607
-0.030546 0.064477 -0.009669
-0.061789 0.050112 0.050427
-0.007122 0.036223 -0.003200
-0.049553 -0.005304 0.059864
0.668673 0.103505 -0.006923
-0.025922 -0.018376 -0.021962
-0.044475 -0.001123 0.077961
0.147603 -0.038942 0.155381
0.129621 0.006331 0.025910
-0.008976 0.054263 0.013054
-0.088421 0.079433 -0.106571
0.013346 0.003706 -0.029976
0.064194 0.035726 -0.029684
-0.000748 0.002882 0.020065
0.115064 0.008318 -0.002794
-0.024125 0.006295 0.055699
-0.017697 0.037069 0.072664
0.011146 0.028529 0.024460
0.090272 0.019482 0.064012
0.023182 0.009458 0.028814
-0.098651 0.046667 0.040784
0.026269 -0.006381 0.012590
0.015284 0.006521 -0.045296
0.005958 0.133180 -0.077351
0.003014 -0.005137 -0.056155
-0.032216 0.001237 0.004960
-0.097111 0.115152 0.036239
0.011840 0.021497 0.016565
-0.015605 0.023666 0.025281
0.031164 -0.015709 -0.016075
-0.012504 0.100779 -0.174589
0.117073 0.056262 0.029787
-0.051373 -0.213725 0.065226
0.017689 0.002325 -0.016296
0.031544 -0.007288 0.095706
-0.013212 0.047624 -0.007421
0.119821 -0.081076 0.035015
-0.100736 -0.086050 0.148498
0.160580 0.055279 0.045193
0.051219 0.036591 0.017345
-0.022191 0.014887 0.018191
-0.002120 0.100686 0.046319
0.003086 -0.011154 -0.066805
0.019800 0.002227 -0.010859
0.023578 -0.011952 0.104548
0.060934 0.005374 0.035999
0.019100 -0.008572 -0.035546
0.037496 0.029832 -0.068131
0.055242 0.030044 -0.017737
0.023166 0.042100 0.014168
0.005000 0.080140 -0.005531
0.020512 -0.004924 -0.024894
0.073675 0.014145 0.102546
-0.042269 0.052033 0.251114
-0.362231 0.109105 0.072171
0.232067 -0.034921 0.042423
-0.037106 0.004164 0.000548
0.051369 0.008591 -0.001664
0.007762 -0.017749 -0.040410
-0.008309 -0.006715 -0.006492
-0.003443 0.000582 0.021806
-0.034684 0.051286 0.040617
0.004945 -0.003199 -0.005262
-0.011330 0.010357 -0.087175
0.033719 -0.139615 -0.325143
-0.012776 0.021643 -0.037372
0.017338 -0.012624 -0.009724
0.012273 -0.010116 0.051384
0.069122 -0.003708 0.030919
0.141017 -0.026950 0.033186
-0.020168 0.033468 -0.002269
-0.020377 0.031923 0.030033
0.038163 -0.023414 0.055244
0.197425 0.042595 0.033012
0.039027 0.059948 -0.002167
-0.122602 0.049954 0.073928
-0.040718 0.009610 -0.066546
-0.043313 0.019308 -0.007201
0.009353 -0.032196 0.162341
-0.153710 0.051211 0.054620
0.264445 -0.108303 -0.303751
-0.020491 0.081732 -0.017972
0.070229 0.034944 -0.004679
-0.051571 0.046167 0.046817
0.116392 -0.014815 0.041829
0.008879 0.005335 0.023598
-0.014381 -0.012368 0.001578
0.007996 -0.032754 0.139342
-0.002598 0.029225 -0.050102
0.199347 -0.102177 0.003449
-0.128381 -0.017738 0.047092
0.010572 -0.009918 -0.004609
0.077542 -0.022718 -0.030403
0.037553 0.120316 0.110745
0.117018 0.018446 0.068566
-0.044025 0.019784 -0.053622
-0.011730 0.001185 0.035649
-0.004324 -0.010201 -0.012519
0.206899 0.016543 -0.021643
0.026219 0.099386 0.068037
-0.072834 0.016576 0.006552
-0.050565 -0.009958 0.050025
0.194631 0.060007 -0.002159
0.143676 0.208398 0.087043
0.025228 -0.023055 0.039159
0.061908 0.019086 0.022105
-0.127354 -0.018027 -0.045359
0.068844 -0.072037 0.158520
-0.087985 0.019634 0.236401
0.241062 -0.086086 0.010437
0.184708 0.018802 0.049361
0.035550 -0.042900 0.046884
0.076382 0.016602 -0.031891
-0.187503 0.037457 0.105573
0.081619 -0.045045 -0.146091
0.032897 0.009404 -0.150883
-0.053154 0.050265 -0.071944
0.010087 -0.044327 -0.006229
0.398795 -0.075697 0.052130
0.012390 0.017696 -0.005338
0.013784 0.022172 0.094108
0.059437 0.072919 0.022170
0.008860 -0.042890 0.033132
0.017366 -0.009204 0.039351
0.116689 0.021505 -0.038364
-0.005938 0.031609 0.025678
0.033857 0.026981 0.042538
0.021831 -0.005609 0.063419
0.000485 0.018891 -0.046556
0.096036 -0.071453 0.083893
0.126514 -0.006424 -0.005883
0.056845 0.057230 0.058330
0.007404 0.050310 0.024695
0.053050 -0.026570 0.052004
0.007726 0.008959 0.014121
0.159119 0.059282 0.008728
-0.035113 0.069569 -0.079255
0.000135 -0.009768 -0.008381
-0.019874 0.009955 0.003772
-0.034391 0.005005 0.051121
0.007543 -0.018441 0.007844
0.008543 -0.061844 -0.039880
-0.067309 0.026081 -0.013952
0.009880 -0.005971 -0.019838
-0.025013 0.072901 0.002701
0.135483 -0.277680 -0.278469
0.034703 0.014303 0.056373
0.015492 -0.005509 0.017498
0.027205 0.007207 0.055602
0.142670 0.028398 -0.048056
0.038693 -0.000770 0.023486
0.003190 0.031138 0.030950
0.023188 0.101143 -0.045612
0.090205 0.076138 0.000482
0.079596 0.033362 -0.009228
0.099077 -0.041293 0.106149
0.413616 -0.004344 -0.017352
0.005777 0.122788 0.034124
-0.005258 0.012448 -0.036564
-0.017099 0.007981 -0.001390
0.017910 -0.026549 -0.009677
0.027026 0.044565 -0.004471
-0.031281 0.109490 0.115510
0.149447 -0.119112 -0.040875
-0.015218 -0.030543 0.043690
-0.006654 -0.012340 0.066867
-0.135534 -0.015764 0.046744
-0.102003 -0.068648 -0.018071
0.011864 0.036330 0.053020
0.175043 -0.057994 0.046584
-0.029501 -0.007314 -0.004828
0.088485 0.030846 -0.019254
0.004413 0.071748 0.056153
0.027449 0.020027 -0.039550
0.055516 0.031237 -0.082991
-0.056674 -0.014531 0.053504
0.008589 0.032077 0.060627
-0.106666 0.005479 -0.037251
0.002276 -0.001259 0.008011
0.053362 -0.009146 -0.002625
0.032225 -0.008434 0.066838
0.014968 0.002070 0.014374
0.408792 -0.002383 -0.021156
0.031629 0.004993 -0.024033
-0.019767 -0.000140 0.073905
0.052096 0.007317 0.056028
0.008402 -0.006622 0.022860
-0.027620 -0.012545 -0.005236
0.396903 -0.184214 0.313906
-0.128474 0.061443 -0.081542
0.139685 0.000236 -0.104904
0.011076 0.021583 0.023530
0.006798 0.098007 -0.028452
0.076773 -0.016554 -0.051576
0.058372 0.041157 -0.002925
-0.064223 -0.002873 0.065586
0.054983 0.005547 0.084481
-0.036814 0.121856 -0.073879
-0.026634 -0.029566 -0.073994
-0.007417 0.008080 0.010907
0.035047 -0.019769 0.022749
-0.024892 -0.022032 -0.037853
0.087515 0.061210 -0.020154
0.034822 0.031829 0.011221
0.110881 -0.006807 0.051703
-0.000086 0.028607 0.014599
-0.009208 -0.031061 -0.024237
0.001918 0.031244 0.036931
-0.045731 0.095950 0.115792
0.152282 -0.155060 0.253558
0.050780 -0.070160 0.003999
0.007227 0.030339 -0.009731
-0.210120 0.048657 -0.013090
0.017975 0.033990 0.075937
0.003926 -0.006884 -0.050106
-0.020734 -0.020014 -0.118405
0.032606 -0.014345 0.006022
0.089090 0.001088 -0.024528
0.090467 -0.030261 -0.015916
0.018983 0.021676 0.114862
0.058255 0.006720 -0.017101
0.065350 0.036671 0.039223
0.062297 0.077485 -0.009087
0.028281 0.028543 -0.036366
0.036062 0.009086 0.116393
0.025918 0.019053 0.118251
0.004667 0.032190 0.051946
-0.062543 0.063577 0.147819
0.061892 0.001400 -0.015993
0.073861 0.016800 0.025120
0.030654 0.002530 0.001697
0.005262 0.011200 -0.039703
0.004749 0.000912 0.021143
-0.025082 0.074454 0.029909
-0.000409 0.027987 0.001892
0.014926 -0.006392 0.007665
0.008270 -0.149745 -0.158504
0.004516 -0.031161 -0.072698
0.028561 0.000096 0.021700
0.015092 0.036116 -0.030432
0.004984 -0.045157 -0.049628
0.092642 0.001294 -0.077464
-0.030447 0.004386 -0.001428
0.005755 -0.012543 -0.002668
0.008472 0.040881 0.014427
0.126851 0.043682 0.107561
0.078960 -0.056840 -0.025397
-0.028945 0.057174 -0.022495
0.369857 -0.094873 0.025007
-0.001069 -0.024173 -0.010909
0.004138 -0.024174 0.014672
-0.032180 0.003467 0.005411
0.069671 0.074032 0.067384
-0.010126 0.018462 0.034488
-0.154580 0.051732 0.046754
0.018265 -0.004737 0.090303
-0.012421 -0.010406 0.096753
-0.091914 -0.081147 0.112967
-0.010403 0.079782 0.015595
0.139762 -0.064775 0.004903
-0.115974 0.005246 -0.028781
0.079842 -0.005824 -0.024487
0.148568 0.054406 -0.121614
-0.002987 -0.021000 0.021769
0.064539 0.152926 0.017407
-0.003349 0.011540 -0.087908
-0.012415 0.034292 0.048982
0.160032 -0.056112 0.019216
-0.248453 -0.005370 0.090906
-0.127370 0.038983 0.091981
-0.012801 0.009161 0.035258
-0.021902 0.000866 0.028198
0.069374 0.039180 0.080118
0.013849 0.006635 -0.013536
0.065035 0.111997 -0.258940
-0.110941 -0.015954 0.015499
0.405964 0.043551 -0.025504
0.057209 -0.018970 -0.026572
0.004240 0.011509 -0.006974
0.101426 0.086255 -0.009418
-0.035545 0.052694 0.045612
0.043018 -0.078810 0.061890
-0.240774 0.062748 -0.008268
0.274694 0.024303 -0.074525
0.062721 -0.005386 0.147972
-0.046747 -0.102754 0.030049
0.123830 0.104197 -0.021524
0.241219 0.156038 -0.195300
-0.064580 0.060803 0.030667
0.013225 0.030899 -0.022835
-0.012450 -0.001944 -0.024943
0.254619 -0.037056 0.033388
0.078115 0.024934 0.050682
0.060447 0.105453 0.153703
0.013106 0.020070 0.011074
0.060068 0.040568 0.023557
0.087868 0.024307 0.003202
0.060834 -0.026579 0.065169
-0.192373 0.015597 -0.004098
0.002598 0.018741 -0.014534
0.010067 0.023845 0.061445
-0.036966 0.073963 -0.052049
0.033476 0.030969 -0.039168
0.056596 0.005852 0.030268
-0.030462 0.018591 -0.008968
0.073675 0.019741 0.012253
0.048968 0.095503 -0.017022
-0.034365 0.165344 -0.084507
-0.002484 0.019569 0.011755
0.140561 0.056985 0.042805
0.005087 -0.012910 -0.005699
-0.064832 0.014008 0.017205
-0.012557 -0.009904 -0.009384
-0.005740 -0.027025 -0.020827
-0.010431 0.009352 -0.025107
0.024585 0.058795 -0.033828
-0.008934 0.016231 0.007303
0.052073 -0.038176 0.011640
0.135296 -0.189625 -0.211595
-0.066901 0.011998 -0.022461
0.085074 0.021751 -0.007668
0.042223 0.001790 0.062108
0.020374 0.015887 0.033351
0.003086 -0.037195 -0.006108
0.057452 -0.032310 0.033870
0.021105 0.004750 0.027504
0.010827 -0.008065 0.025353
0.003904 0.027798 0.003451
0.080488 0.020587 0.077091
0.001446 -0.018772 -0.007017
0.023973 0.070639 0.010918
-0.203613 0.094760 -0.017786
-0.011940 -0.019996 0.011228
-0.060727 0.004987 -0.164189
-0.002476 0.055955 -0.051607
0.383925 0.103700 0.122648
0.115051 -0.015155 0.022705
0.080759 0.160583 0.055671
0.188553 0.127236 -0.033874
0.115993 0.084055 -0.000346
0.023946 0.080031 0.190218
0.097395 -0.008889 0.054519
0.218795 -0.009755 -0.095658
0.049894 0.019521 -0.005999
0.096286 -0.104022 0.092082
-0.078363 0.105430 0.176899
0.022182 -0.029071 -0.027057
0.112280 -0.007127 -0.062787
-0.179467 0.012888 0.118442
0.248468 -0.005832 0.091487
-0.000972 -0.010091 -0.041557
0.010048 0.065511 0.018634
0.275111 -0.169841 0.099792
0.017408 -0.000282 0.033836
-0.110960 0.184763 -0.004535
-0.165142 0.032215 0.061324
-0.024066 0.117723 0.128617
0.206606 0.039030 -0.092022
0.026162 0.046103 0.044633
-0.066588 0.009013 0.112083
0.437519 -0.094626 0.030374
0.002785 0.002535 0.087014
-0.001733 0.017169 0.102152
-0.011936 -0.037636 0.044834
0.022780 0.052776 -0.014600
0.060885 0.052217 -0.077519
-0.054994 0.017683 0.042777
0.041299 -0.265431 -0.101618
0.059606 0.055548 0.071789
-0.038828 -0.074796 -0.004167
-0.011055 0.026281 0.031178
-0.091947 -0.022602 -0.036879
-0.000062 -0.304861 0.133788
-0.232188 -0.027262 0.102732
-0.162751 0.007351 0.008700
-0.017102 -0.001714 0.021265
-0.005882 -0.005122 0.004164
0.000672 0.031670 -0.006294
0.045062 0.054281 0.000654
-0.000730 -0.035566 0.045733
-0.393850 -0.279940 -0.267852
0.122161 0.025629 0.083483
0.000474 0.023698 0.024257
-0.015565 0.012092 -0.057004
-0.011776 -0.053427 0.055826
0.001791 0.017767 -0.001137
-0.010993 0.005056 0.013982
0.015406 0.017065 0.011968
-0.010051 0.008161 -0.051352
-0.063454 -0.002389 -0.041885
0.013380 0.034202 0.023276
-0.204113 0.115271 0.156727
0.012569 0.004680 -0.005391
0.059530 0.009916 0.031969
0.012513 0.014179 -0.172863
0.002371 0.017472 -0.069290
-0.002946 -0.014702 -0.062691
0.028304 0.009914 -0.019167
0.046570 -0.020277 0.047809
-0.030294 0.079285 -0.125746
-0.013156 0.103825 0.071970
-0.051825 0.120652 0.007709
0.014345 0.011269 -0.009401
0.211744 0.123537 -0.077201
-0.274000 0.156273 -0.417322
0.037392 0.015503 0.015974
0.071177 0.252712 -0.184467
-0.003613 0.004427 -0.004917
0.060548 -0.157192 -0.000325
0.005544 0.078000 0.073420
0.039378 0.054778 0.057113
0.023317 0.001711 0.069724
-0.082200 0.089788 0.009132
-0.068089 -0.071811 0.173586
0.035751 0.018207 -0.011091
-0.016771 -0.018168 0.029363
0.071965 -0.003430 0.009306
-0.100271 -0.009692 0.004697
-0.089401 0.006979 -0.026764
0.082739 -0.006061 0.023836
-0.030178 -0.000272 0.027051
0.059377 -0.064083 -0.167241
-0.002499 -0.024946 0.008410
0.007084 -0.007852 0.026104
-0.006309 0.084184 -0.005081
0.029433 0.080645 0.028865
-0.014020 -0.024611 -0.028513
-0.077843 0.025544 0.025794
0.009369 0.033730 -0.170509
-0.270800 0.075036 -0.076814
0.113663 -0.049670 -0.064999
-0.064163 -0.006575 -0.066191
0.119803 0.034710 0.047786
0.009196 0.028264 0.005219
-0.014545 0.043325 0.037332
0.006037 -0.009212 0.107353
-0.043727 -0.160764 0.293128
0.027322 -0.008631 0.023698
0.033919 -0.055656 0.084992
-0.030779 -0.110292 -0.048667
-0.036728 0.009458 -0.149032
0.093104 0.000026 0.062386
-0.063889 0.011994 -0.321728
-0.040325 0.075326 0.026655
0.328833 0.216948 -0.419760
0.077010 0.024897 -0.034379
-0.014392 -0.021242 -0.009130
-0.013187 -0.010918 0.037461
0.026347 0.026394 -0.024406
0.022383 0.011049 -0.025619
-0.007937 0.013283 -0.064038
0.063976 0.005510 0.053911
0.044427 -0.055534 0.028959
-0.085723 -0.021372 0.064594
-0.023567 -0.011334 -0.031050
-0.016000 -0.008472 0.036193
0.122172 -0.014178 0.183983
-0.010160 0.048437 -0.103280
-0.054348 0.034319 0.011072
-0.156382 0.112545 -0.005343
0.033533 0.042890 0.001383
0.150281 0.106717 -0.010072
0.003174 0.045424 0.014642
-0.063946 0.208105 0.103019
0.041986 0.103732 0.030250
0.140950 -0.061204 0.039163
-0.100727 -0.009495 0.064346
0.065644 0.058194 -0.005524
0.088012 -0.000845 -0.004123
-0.216221 0.036884 0.096199
-0.095679 0.039282 0.105406
-0.001106 -0.000276 0.035273
-0.102313 0.083899 -0.154435
0.089967 0.035357 0.058664
0.205730 -0.125866 0.061996
-0.047454 0.110682 -0.013019
-0.155472 0.092933 -0.078671
0.012191 0.001917 -0.005410
0.009166 -0.018563 -0.015228
-0.008148 0.101857 0.023716
0.034898 0.031901 0.024792
0.019457 -0.013277 0.005262
0.127543 -0.088252 0.152909
0.125803 0.044402 -0.030493
0.179155 -0.141786 0.019054
-0.046551 0.014307 0.083284
-0.022897 0.012133 0.108772
-0.064663 0.056975 -0.076918
0.143375 -0.029125 -0.026277
0.005953 0.060892 -0.073627
0.185534 -0.120789 0.106435
0.018308 -0.055045 0.031669
-0.107678 0.049203 0.174628
-0.038331 -0.055956 0.054099
0.352064 0.004444 0.026687
0.028181 0.006425 0.027313
-0.024599 -0.012517 0.005755
0.070211 -0.006566 -0.009822
0.068093 0.127781 -0.001709
0.061395 0.018994 0.039682
-0.070103 -0.167731 0.022300
0.291653 -0.057162 -0.111916
0.019288 -0.000094 -0.035951
-0.069573 0.120931 -0.109691
0.002995 0.076180 0.008204
0.113936 0.095529 -0.336779
0.345455 0.264388 -0.270227
0.088152 -0.003970 0.015828
0.017142 0.013001 0.020159
0.227633 0.040577 -0.069395
-0.243790 0.125794 0.035155
0.095391 -0.183244 -0.166387
0.013417 -0.015224 -0.024689
0.054525 -0.029439 -0.004800
0.001468 -0.013442 -0.021586
-0.055230 0.066677 0.031964
0.011072 0.026777 0.077405
-0.135995 -0.081226 -0.031623
0.036548 -0.018646 -0.070234
-0.007599 -0.011639 0.023397
0.003122 0.004918 0.021005
0.004650 0.020874 -0.083243
-0.012574 -0.011756 0.061014
-0.072438 -0.062950 0.117283
-0.108399 0.052641 -0.143175
-0.086496 0.005491 0.015851
0.158225 -0.187336 0.090575
-0.244456 0.032900 0.144535
0.133321 -0.119412 -0.062470
0.010507 0.030112 -0.114348
0.031863 0.016078 0.131056
0.025119 -0.038763 0.099974
0.007993 -0.036923 0.024482
0.081893 -0.060985 0.076143
0.066730 0.013557 -0.074068
-0.014726 0.015663 -0.028228
-0.190836 0.031091 0.009544
-0.061054 -0.033309 0.085562
0.084354 -0.031875 0.030701
0.050404 0.001086 -0.033879
0.034023 -0.001062 -0.107688
0.065310 0.068186 -0.158379
0.032483 0.024938 -0.145429
0.225970 -0.009949 -0.080481
-0.111290 0.044774 0.146544
-0.053963 0.044623 0.114638
0.057707 -0.002683 0.036375
0.032038 -0.009335 -0.042571
0.052604 -0.030793 0.046658
0.014610 0.017099 -0.083018
-0.023041 0.085200 0.166264
-0.049295 0.083969 -0.042393
-0.007408 -0.046259 0.044346
0.051975 0.007630 0.176255
-0.016359 -0.113769 -0.274831
0.021815 0.012061 -0.106499
-0.044964 -0.036751 0.060952
0.041971 0.120612 -0.094463
-0.116137 0.007111 0.061310
0.041827 0.072242 0.310650
-0.060562 -0.040244 0.040106
0.043197 -0.047135 0.019363
0.098063 0.155518 0.056332
-0.004800 -0.076993 0.014195
-0.017672 0.000958 -0.040899
-0.002382 -0.021318 -0.005175
-0.059408 0.009396 -0.067331
0.008953 0.037740 0.086389
-0.033515 0.008842 -0.000640
-0.045194 0.092554 0.074911
0.050179 -0.010815 0.093896
0.076264 -0.074321 -0.042830
-0.033102 0.037082 0.203503
0.030360 0.001978 -0.003064
0.014424 0.014427 0.061790
0.124615 0.057651 0.171142
-0.058248 -0.003425 0.128216
-0.007219 -0.040566 0.071595
0.044760 -0.012703 -0.059450
0.086640 -0.012596 0.010836
0.012677 0.043706 0.027499
-0.010505 -0.040393 -0.079916
0.122254 0.034393 0.054269
-0.056023 0.049270 -0.003597
0.069257 0.072514 0.122781
0.109491 0.032236 -0.034499
-0.016153 0.035333 0.032101
-0.022017 0.001583 0.068143
-0.145882 0.057932 -0.248731
0.035675 -0.034197 -0.013461
-0.015893 0.012004 0.052125
0.109827 0.011485 0.042072
-0.149466 0.048664 -0.032205
0.162694 -0.046393 0.052348
-0.010786 0.001344 0.106851
-0.039931 0.000948 -0.163343
0.025781 -0.022631 -0.183339
0.027259 0.019111 -0.057559
0.175699 0.114718 -0.039307
-0.008091 -0.007780 0.082812
-0.010633 0.030686 -0.005015
0.247415 0.024412 0.051421
-0.043228 0.013662 -0.021053
-0.012776 0.036451 -0.034182
0.011159 0.029024 0.020765
-0.050672 -0.069763 0.258531
0.020766 0.100864 -0.147727
-0.079378 0.064255 0.045805
-0.092977 0.022371 -0.079546
-0.085167 0.183684 0.016058
0.107297 0.035869 -0.077722
-0.019741 -0.036938 0.012234
-0.021681 0.009470 0.101697
-0.009080 -0.003894 0.031255
0.023430 -0.021434 0.103985
0.048650 -0.132046 -0.194099
-0.005769 0.018546 -0.094237
0.170793 -0.118014 -0.020831
-0.011471 0.000019 0.020616
-0.022249 0.074609 0.299144
-0.045435 0.002243 -0.090088
0.000169 0.273727 0.044371
0.017286 0.030754 -0.140868
0.211794 0.019504 0.024201
0.021017 0.180875 -0.041277
0.086058 0.009786 0.016557
0.053661 -0.022124 0.041910
0.117341 -0.028565 -0.131050
0.048207 0.023477 0.013321
-0.487215 -0.020323 0.042347
0.060110 -0.015952 0.003340
-0.073966 0.047503 -0.148824
0.009042 -0.015954 -0.148980
0.051507 -0.004703 -0.013829
-0.011456 0.032838 -0.042688
0.070700 0.140290 0.070737
0.118747 -0.039070 -0.079011
0.214804 -0.023292 -0.014147
0.032244 -0.016680 -0.027552
-0.185174 0.148084 0.014666
0.025808 0.040405 -0.064955
-0.013582 0.015345 0.001478
0.006088 -0.003954 0.009630
-0.245008 0.102451 -0.267175
-0.038841 -0.025798 0.048733
0.074074 -0.026642 0.070649
0.060670 -0.053427 -0.080514
0.230361 0.052446 0.009611
0.075255 -0.014052 -0.025205
0.231973 0.023740 -0.013197
-0.014542 -0.013844 0.097263
0.086261 0.013769 -0.008281
0.123477 0.061404 -0.246850
-0.282453 0.066869 0.197141
0.083285 0.000782 -0.000609
0.055545 0.064090 -0.129511
-0.049672 0.007015 -0.093038
0.027158 -0.063499 -0.142158
0.074635 -0.054367 0.083892
-0.077778 -0.220802 0.005604
0.005330 -0.000272 -0.076881
0.219441 0.005016 -0.001954
-0.029214 -0.007441 0.069556
0.012803 -0.021773 -0.014956
-0.060834 -0.011424 0.057046
-0.020970 0.005868 0.001570
0.121015 0.040805 0.063143
-0.009708 -0.005345 0.019048
0.049845 0.037151 -0.003852
-0.032653 0.040700 -0.105145
-0.019341 0.032606 0.115592
-0.114579 0.068596 -0.086802
-0.267879 0.067446 0.011734
-0.082628 -0.074547 0.089890
0.110341 0.025575 0.014691
-0.024399 0.011560 -0.036034
0.006284 0.049196 0.017440
0.014593 0.020675 -0.062326
-0.016894 -0.007347 0.003059
-0.070586 0.025621 -0.069647
-0.039571 -0.026834 -0.037569
0.072084 0.022092 0.077794
-0.056072 -0.241628 -0.209101
0.012334 -0.040941 -0.063759
0.000706 -0.051604 0.165306
-0.032870 0.028222 -0.011348
0.171413 -0.046808 0.257019
-0.055080 -0.089782 0.211180
-0.003141 -0.022966 0.049639
0.178027 0.155366 -0.159641
0.152091 -0.105636 -0.158147
-0.098158 0.033785 -0.008261
-0.012226 0.102907 0.075129
0.097213 -0.043803 0.027744
0.170380 0.127755 -0.022275
0.143987 0.280708 -0.098409
0.083207 -0.034144 0.033080
0.070748 0.017443 0.195776
0.050631 -0.052764 0.025207
0.047842 0.055884 -0.124186
-0.020260 0.012741 -0.033999
0.012094 -0.004720 0.037558
0.080551 0.012394 -0.053403
-0.157398 0.008130 0.042180
0.066843 0.011104 -0.032795
-0.003872 -0.012169 -0.049285
-0.032640 0.084971 0.229184
-0.010696 -0.042612 -0.059198
0.029152 0.006264 0.003198
0.044724 0.026024 -0.151388
0.203227 -0.160931 -0.047358
0.365606 0.063122 -0.033098
-0.145426 0.003961 0.040552
-0.041667 0.026459 0.020046
-0.190430 0.036726 0.072425
0.152598 -0.022291 -0.014586
0.151349 -0.065811 0.042577
-0.103387 0.021211 0.203571
-0.019632 -0.004247 0.002453
0.037624 -0.022659 -0.015213
0.474997 -0.010597 0.081529
-0.122718 0.091859 0.172914
-0.318669 0.013307 -0.010258
-0.084288 0.011894 0.066332
0.183518 0.010614 0.000059
0.407969 -0.153825 -0.136685
-0.016124 0.008150 -0.086127
0.006381 -0.028325 0.046221
-0.150724 0.072898 0.037580
0.022420 -0.001111 -0.005977
0.008245 -0.007541 0.037180
0.021321 0.129902 -0.054658
-0.070890 -0.029476 0.030364
0.307112 0.027854 -0.028075
-0.145137 0.072905 -0.032094
0.048531 0.013349 0.032240
-0.055002 -0.007032 -0.060127
-0.127378 0.031452 0.026765
-0.077789 0.051363 0.010333
0.248944 0.004060 0.019862
0.078143 -0.090389 -0.110649
0.035991 0.023008 -0.132189
0.001137 0.057268 0.121251
-0.334591 -0.009617 -0.010033
-0.066648 -0.058673 -0.025545
0.221352 -0.032006 0.003886
0.237982 -0.002255 -0.000174
0.093473 -0.035228 0.060215
0.015838 0.000018 0.021860
0.031963 -0.009749 -0.090583
-0.008773 -0.018062 0.043635
-0.005883 -0.009273 0.022236
0.081139 -0.109155 -0.160605
0.225218 -0.068658 0.047232
0.103752 -0.035962 -0.010165
-0.022849 -0.051908 -0.000816
-0.034316 -0.005644 0.060873
0.115446 -0.055702 -0.066841
0.052239 -0.054119 0.198467
-0.018789 -0.038160 0.047296
0.233496 -0.025172 0.081577
-0.048413 0.006863 0.097006
-0.096153 -0.061516 -0.020271
0.069106 -0.061529 0.076005
0.258103 -0.025264 -0.055164
0.029272 0.036382 -0.005451
0.370271 0.096873 0.063806
-0.093651 0.015907 0.094005
0.151598 0.146967 0.282739
-0.074649 0.058409 0.012588
-0.191632 0.000695 -0.040422
0.053222 -0.000765 -0.134178
0.014920 -0.017098 -0.002000
0.200277 -0.143608 -0.046082
-0.069208 0.003095 0.025638
-0.525597 -0.015677 -0.019044
0.010488 -0.017682 -0.050643
0.294247 0.236957 0.140947
-0.049275 -0.007846 0.081366
0.096745 -0.004238 0.042637
0.017787 -0.069657 0.005284
0.049740 -0.002444 -0.005155
-0.163429 0.015800 0.088591
-0.082818 0.009333 -0.062717
-0.042504 -0.048536 0.055313
-0.028447 -0.010941 0.051952
0.135625 -0.036501 -0.036743
0.031033 -0.014735 0.104416
0.108300 -0.081877 -0.084037
-0.026853 0.040084 0.088759
0.008628 -0.010364 -0.024982
-0.268013 0.024393 -0.066018
0.286505 -0.114770 -0.017939
-0.090092 0.036199 0.021140
0.063387 0.045588 0.019988
-0.159395 -0.010213 -0.013186
-0.000804 0.058318 -0.070482
0.105916 0.000259 0.017950
0.012069 0.029492 0.005341
0.046225 0.011994 -0.003757
-0.020747 0.007101 0.013015
0.151637 -0.003905 0.030226
0.009906 0.035913 0.011806
0.067749 0.146690 -0.191119
0.033569 0.003720 -0.059884
0.045252 -0.073525 0.015924
-0.018415 -0.015405 0.053175
-0.038373 0.000383 0.007304
-0.216663 0.146451 0.046036
0.058863 0.031055 0.044778
-0.031836 0.039943 -0.050024
0.098763 -0.076351 -0.000748
-0.103503 0.084922 0.036291
0.108080 0.006084 0.008987
-0.047296 0.034026 -0.029738
0.013388 0.241578 -0.179046
-0.019764 -0.006453 0.088746
-0.300225 -0.000322 0.074424
-0.011800 -0.000196 0.029664
-0.204851 0.065449 0.005091
-0.074441 0.013692 -0.046346
-0.025926 -0.005446 0.066932
0.083703 0.068513 -0.047075
0.024145 0.029975 -0.068797
0.015951 -0.019314 0.026292
0.061609 -0.022615 0.002445
-0.501363 -0.220276 -0.093073
0.084568 -0.020156 0.043374
-0.046273 0.000731 -0.005479
-0.013721 0.004559 0.147539
0.069433 -0.046397 -0.026158
0.052151 -0.079018 0.114915
-0.035310 0.003699 -0.051067
-0.085674 0.356899 0.083504
-0.084267 -0.105917 0.137115
0.132681 0.009663 -0.000562
0.017632 -0.011782 0.004224
-0.003557 0.022305 0.065507
0.140405 0.251238 0.180548
0.007611 0.005372 -0.008009
0.030138 -0.013359 0.081430
-0.042563 -0.087299 0.017444
-0.198590 0.010937 0.028209
-0.220593 -0.030228 -0.056164
0.376794 0.018294 -0.015927
0.000835 -0.039701 -0.062647
-0.063116 0.030750 0.050066
0.036635 0.014251 0.004113
-0.007521 0.098502 0.069755
0.022688 -0.040597 -0.022109
-0.271816 -0.067658 -0.029638
-0.027067 0.125324 -0.059173
-0.018587 0.041583 0.065034
-0.044397 -0.008249 0.045242
0.409716 0.058650 0.001961
0.004051 0.049469 -0.012654
-0.079522 0.079831 -0.098215
-0.149643 0.072628 -0.006566
0.356865 -0.023602 -0.055485
0.781404 0.060765 -0.155944
0.090104 -0.053778 -0.101087
0.057012 0.012165 0.012426
-0.009653 -0.015987 -0.024474
-0.006811 -0.080843 -0.001928
0.269722 0.016065 0.069153
-0.022347 0.006212 0.049344
-0.158363 -0.023666 0.066886
0.364770 -0.072615 -0.209112
0.066204 0.059368 0.052355
0.212781 -0.045346 0.033288
-0.047757 -0.115244 0.074891
-0.265798 0.012248 0.049646
-0.297221 0.112048 0.042240
0.029513 -0.036628 -0.080876
-0.014000 0.011510 0.020301
0.040543 0.023134 0.006973
-0.063469 0.098095 -0.060698
-0.102771 -0.051654 -0.028386
0.096385 0.019753 0.016912
0.002437 0.031534 0.030298
-0.072070 -0.046460 -0.028507
-0.045454 0.029997 -0.058653
0.093299 0.100687 -0.077856
-0.009205 -0.017550 0.064926
-0.302988 0.010392 0.048891
0.010338 0.012390 -0.039436
-0.010608 0.033363 0.068788
0.051932 -0.008932 0.107313
-0.009957 0.023232 -0.032811
-0.000297 0.003246 -0.005657
0.037118 0.005460 0.061547
0.102339 -0.039039 -0.030529
0.060890 -0.007388 0.012882
-0.039639 0.015231 -0.056456
-0.061675 0.030677 0.082672
0.062528 -0.059166 0.002329
0.030395 -0.017096 -0.067698
-0.014610 -0.019854 0.043680
0.123874 0.517082 0.209591
-0.029469 -0.039683 0.000763
-0.014855 -0.028939 -0.043264
0.021416 -0.018021 -0.067318
0.038507 0.093751 -0.017074
-0.070639 -0.070899 -0.064355
0.271560 0.510756 0.388781
0.002637 -0.053280 -0.035174
-0.137104 -0.053199 0.077698
0.374191 0.028579 0.061045
0.283945 -0.053146 0.023470
-0.125183 -0.019008 0.077248
-0.057990 0.046309 0.061010
-0.023758 -0.086088 0.081369
-0.116508 0.026789 -0.066341
-0.116206 -0.033557 -0.021374
-0.035457 -0.008759 0.108987
-0.067328 0.138367 -0.046587
0.099343 0.007266 0.009511
0.178316 -0.050817 -0.177965
0.007531 -0.006044 0.050000
0.048502 -0.016326 0.085022
0.149284 0.093025 0.033167
-0.155985 -0.062392 -0.025636
0.269873 0.001748 0.011653
-0.067689 0.051152 0.005601
-0.240026 -0.086348 0.126174
-0.014995 0.004615 -0.052367
0.009548 0.028437 -0.057395
0.041008 0.066467 0.053008
-0.140116 -0.061617 0.036493
0.121680 -0.038927 -0.137168
-0.124552 0.007859 -0.009417
0.144849 0.007127 0.162379
-0.162833 -0.020387 -0.020868
0.205317 -0.022640 -0.026915
0.004090 0.020616 0.015441
0.464058 -0.119065 -0.087589
-0.053505 0.007893 -0.004032
0.096581 0.007508 0.010864
0.030655 -0.021496 0.096012
0.059554 0.244799 0.119827
-0.013505 0.015370 0.014102
-0.001007 -0.048527 -0.119180
0.193161 -0.405444 -0.349789
0.233251 0.121693 -0.370039
0.052307 0.014630 0.074339
0.055132 -0.009734 0.160580
0.100331 -0.002262 -0.056335
-0.021386 0.021571 -0.062869
0.175708 0.187864 0.309389
0.100366 -0.067093 -0.055808
-0.019820 -0.052894 -0.019782
-0.229316 0.106045 -0.104592
0.000959 0.023698 0.071947
0.004008 0.002312 0.134743
0.165427 0.341035 0.259647
0.053080 -0.061704 0.003154
-0.051256 0.138396 0.059162
0.038100 0.052209 0.023246
0.015964 0.081650 -0.113920
-0.012188 0.019299 -0.091675
-0.153497 -0.054661 -0.063071
-0.013301 0.146919 0.072044
-0.052115 0.036771 0.039951
-0.004775 -0.007804 0.029204
-0.410482 0.009135 0.035994
0.048400 -0.136134 0.070490
0.095214 -0.064985 0.023569
-0.233262 0.156850 0.186920
0.012900 0.024382 0.004318
-0.071632 -0.013597 0.007194
0.158768 -0.131607 0.028894
-0.102886 -0.148818 0.031848
0.093386 -0.000462 0.040927
0.005665 -0.063841 0.105224
0.017752 0.023548 0.058820
-0.049532 0.074948 -0.035070
-0.025799 0.002628 0.025458
-0.069057 -0.044296 0.007195
-0.012960 -0.017486 -0.023904
0.013290 -0.031091 0.023763
0.004243 0.032656 0.058682
-0.012759 -0.001377 0.013647
-0.040985 0.016063 0.012333
-0.148491 0.018440 -0.003029
0.038068 -0.066926 -0.087928
-0.080113 -0.001746 0.040626
0.028083 0.030505 0.046810
-0.055445 0.010407 -0.036636
0.020289 -0.017891 0.035473
-0.082327 -0.028803 -0.052434
0.080511 -0.017084 -0.251634
-0.122621 0.053377 0.144902
0.096547 -0.091181 -0.139089
0.269585 -0.093744 0.303195
0.021215 -0.021655 0.061644
0.130013 -0.093003 0.104300
-0.021678 0.020215 0.058388
-0.123468 0.079538 0.141029
-0.023051 -0.010504 0.128664
-0.075719 0.053985 0.049985
0.140149 0.152130 -0.059476
0.094736 -0.022545 -0.071559
-0.017904 0.138575 -0.097516
-0.066374 0.011508 0.063378
0.011732 0.059951 0.001279
0.130461 -0.051241 0.012754
-0.116245 0.066360 -0.047223
-0.003166 0.140145 0.080522
0.112983 -0.010517 -0.004212
-0.105542 0.077371 0.033039
-0.018847 0.027531 -0.066766
0.032811 -0.108726 -0.056689
-0.023858 0.018909 -0.002620
0.065302 0.033567 0.009383
0.163602 0.058778 -0.106241
-0.107797 0.024159 0.098338
-0.299828 0.039218 -0.032265
-0.015267 -0.049236 0.084214
0.016168 0.034024 0.050739
-0.194912 0.090139 0.090628
0.029060 0.002515 0.060160
-0.058880 0.031039 0.059334
-0.113660 -0.047913 0.064403
-0.097927 0.031325 -0.016531
-0.092792 -0.038345 -0.002863
0.095468 -0.034273 -0.042870
-0.105963 0.038252 -0.071407
0.057247 0.024222 0.004984
-0.002962 0.044945 0.029339
0.133703 0.032348 0.025787
-0.070068 0.084553 0.031716
-0.078519 0.045506 -0.112322
-0.111034 0.026265 0.034864
0.052130 0.079700 0.027767
-0.140272 0.170099 -0.041810
0.038359 0.018619 -0.132754
0.080199 0.005159 -0.072422
-0.136285 0.086250 -0.255496
0.090603 -0.055016 0.050200
0.033812 0.022388 0.042967
-0.159017 -0.047057 -0.001992
-0.023004 0.003591 -0.124662
0.069246 -0.041837 0.013379
-0.079063 -0.000305 0.033929
-0.057456 0.021743 0.051386
-0.017109 0.017246 0.047226
0.089349 0.064750 -0.399341
0.068164 -0.007325 -0.032819
0.058443 -0.036251 0.039981
-0.012082 -0.031368 -0.053253
0.077858 -0.071000 -0.112698
-0.022219 -0.000719 -0.002001
0.101390 0.673781 0.364411
-0.010165 -0.027941 -0.003198
-0.001069 -0.007829 0.129270
-0.147754 -0.047033 -0.069098
-0.058470 -0.009351 -0.063081
0.096402 -0.048211 -0.053578
0.131359 -0.024903 0.121435
-0.024282 -0.038360 -0.018843
0.118298 -0.007264 -0.044865
0.305055 0.002066 -0.054453
-0.092867 0.010357 -0.039937
0.334402 0.010023 0.085336
-0.144360 0.003674 -0.032559
-0.076205 0.006102 -0.072269
-0.151719 0.069125 -0.074078
-0.027737 -0.085469 -0.037140
-0.011223 0.017174 -0.021400
-0.004419 -0.060464 0.071163
-0.061898 -0.033054 -0.005526
-0.159215 -0.036693 0.004822
-0.064737 -0.031622 0.035383
-0.031924 0.044120 -0.006409
0.006003 -0.019608 0.132195
0.002294 0.026059 -0.080478
0.069484 -0.038342 0.074800
0.041131 0.004403 -0.156137
-0.124600 0.005904 -0.055324
-0.134865 -0.022875 -0.001801
-0.038022 -0.007392 -0.031653
-0.051740 -0.067069 -0.039054
-0.016487 -0.011715 -0.069597
-0.098342 -0.063004 -0.048603
0.016351 -0.022706 0.016900
-0.093007 -0.130416 -0.270744
-0.060240 0.017622 -0.067116
0.000398 0.002693 -0.021288
-0.342182 0.004460 -0.178818
-0.103452 -0.026988 -0.045402
-0.246940 -0.027044 -0.046749
-0.074608 -0.064531 0.022312
0.008397 0.015200 -0.030872
0.000384 -0.039865 -0.016369
0.032597 -0.045704 0.037908
-0.015955 -0.159671 -0.014631
0.342307 -0.174181 -0.201697
-0.078528 -0.038371 -0.085289
-0.449514 0.044998 0.186499
-0.021113 -0.021057 0.050019
0.043149 0.018783 -0.010164
-0.010130 -0.051406 0.009009
-0.203963 -0.036872 0.096176
-0.250207 -0.040562 0.028821
0.009331 -0.027867 -0.038559
-0.034596 0.006437 0.100293
-0.552109 -0.029453 -0.030508
-0.029618 0.033984 -0.025732
-0.140710 -0.109201 -0.004028
-0.019047 -0.104698 0.068268
-0.131853 -0.201941 -0.075140
-0.154814 0.133777 0.197055
0.114158 -0.101270 0.115472
0.007047 -0.020667 0.047454
-0.311142 0.045077 -0.035188
-0.318104 -0.084022 0.015439
0.073284 -0.046442 -0.046981
-0.032818 -0.086653 0.005749
0.057651 0.053256 -0.100802
-0.004723 -0.059561 0.024375
-0.005525 0.019841 -0.058799
-0.214324 -0.019261 -0.038648
0.077454 -0.062213 -0.050887
-0.154461 -0.038515 -0.060272
-0.173941 0.020828 0.071679
0.013755 0.004394 0.022209
-0.007281 0.000317 -0.092302
-0.202384 -0.000126 -0.020985
-0.024809 -0.023072 0.109985
-0.122609 0.059834 0.025381
-0.140970 -0.025647 0.046663
-0.018941 -0.002071 -0.103843
-0.132572 0.000566 -0.015760
-0.049587 0.050410 -0.148713
-0.062534 -0.051683 0.041148
0.005931 -0.061625 -0.031544
-0.074993 -0.053810 -0.052779
-0.080715 -0.008427 -0.109009
-0.041729 -0.024625 -0.001469
-0.015447 -0.036203 0.000184
0.105716 0.069627 -0.176573
0.249299 -0.065903 -0.049250
-0.064856 0.099500 -0.132692
-0.051508 0.060489 -0.013702
0.024181 -0.078579 0.030028
-0.236025 -0.044778 0.110076
-0.132672 0.015616 0.022457
-0.217396 -0.058789 -0.054525
-0.002746 0.025169 0.000175
-0.090200 -0.129770 -0.093928
-0.013553 -0.059527 0.004446
-0.049235 -0.067701 0.111826
-0.050810 -0.066174 -0.049425
-0.065861 -0.158793 -0.216635
-0.135866 0.003330 0.024395
-0.065991 -0.035985 -0.006872
-0.227477 0.023040 -0.070542
-0.128050 -0.024623 -0.008386
-0.150778 -0.085355 0.155590
-0.030396 -0.046934 -0.062884
-0.026142 -0.043015 -0.033349
-0.044204 -0.060099 -0.001606
0.020656 -0.050957 0.008724
-0.142268 0.033884 -0.063854
0.085590 -0.061458 -0.127332
0.020535 -0.005575 0.141418
-0.002605 -0.080663 0.003283
-0.078403 -0.086226 -0.005489
-0.146075 0.123727 0.060075
0.012570 -0.116176 0.058920
0.080602 -0.058528 0.011732
-0.312831 0.016544 0.032122
-0.033905 -0.026246 0.083504
0.037867 -0.018839 0.174406
-0.056893 0.023177 -0.098592
-0.008709 0.040123 0.064472
-0.058392 -0.314097 0.043036
0.330183 -0.010498 -0.054505
-0.015244 0.008705 -0.039964
-0.034751 0.012173 -0.125316
0.022190 0.066320 -0.106608
-0.198813 -0.066550 0.017250
0.003197 -0.001110 -0.013791
-0.088292 -0.030523 -0.021275
-0.101427 -0.027094 0.041146
0.086438 -0.008948 0.012064
-0.576704 0.116860 -0.055458
-0.012033 -0.027327 -0.007599
-0.108890 0.077394 0.089800
-0.008544 0.004800 0.000943
-0.322400 0.001028 -0.051269
-0.088401 -0.017764 0.088269
-0.034733 -0.058531 -0.062135
-0.205616 -0.027452 -0.046737
-0.173674 -0.068056 -0.095538
0.068805 -0.001342 0.107957
0.115088 0.001351 -0.079368
-0.234706 0.017113 0.012223
0.068075 0.012085 -0.038165
0.151429 0.016914 0.063347
-0.064655 -0.001615 0.051516
-0.146251 0.057467 0.072297
0.017149 0.044691 -0.009608
0.014076 -0.017695 -0.031961
0.059253 -0.034700 0.050643
-0.036294 0.009848 -0.030893
-0.065755 -0.016262 0.026058
-0.054793 -0.010239 -0.047779
-0.203521 -0.025931 -0.081963
-0.023697 -0.036688 -0.050957
-0.088839 -0.020858 0.013858
0.071747 0.049290 0.017485
-0.086468 -0.005263 -0.072007
-0.152220 -0.011648 0.023100
-0.032770 0.003421 0.034908
-0.028689 -0.047486 -0.045493
-0.011984 -0.029709 -0.021347
0.181052 -0.040867 0.040611
0.077243 -0.053424 -0.004374
-0.066609 -0.035082 -0.077826
-0.036930 -0.003368 -0.001182
-0.108210 -0.045244 -0.157504
-0.038200 -0.072599 0.002681
0.031435 -0.079971 -0.048497
-0.021919 -0.077160 0.027359
0.093428 -0.159703 -0.088712
-0.085128 -0.079744 -0.022613
-0.289814 0.069283 -0.110839
-0.072476 -0.095514 -0.061651
-0.053756 -0.029970 0.010314
-0.099730 -0.030976 -0.011572
-0.027355 -0.054241 -0.037138
-0.020862 -0.067849 0.007831
-0.097784 -0.026117 0.024255
0.684523 -0.187837 -0.046699
-0.075080 -0.182288 -0.060955
-0.594093 0.062005 -0.029508
-0.074713 -0.045028 -0.048603
-0.159037 0.013958 -0.005131
-0.118908 -0.054856 0.053732
0.085475 -0.017026 -0.041760
-0.029904 -0.113769 -0.003177
0.025837 -0.072420 -0.029344
-0.082516 -0.063486 0.038901
-0.017601 0.000106 0.037066
-0.008673 -0.025118 0.008329
0.204316 0.031143 -0.166871
0.037413 -0.031755 -0.081816
-0.036781 -0.027310 -0.064366
-0.258189 -0.224231 0.054631
-0.079195 0.002575 -0.064432
0.104752 0.027895 0.027137
-0.221578 0.026976 0.005441
-0.199030 -0.066520 0.163858
-0.068075 -0.020244 -0.017378
0.133301 0.026883 -0.022237
0.121586 0.002657 0.175450
-0.700198 0.100759 0.016102
-0.004419 0.004538 -0.022808
0.001604 -0.097349 -0.120370
0.100991 -0.121659 -0.010182
0.000272 -0.020360 -0.031508
-0.103544 -0.016317 -0.021643
0.114889 -0.094182 -0.052190
-0.054068 -0.051730 -0.076051
-0.081023 -0.044549 0.024597
-0.139025 -0.070378 -0.015836
-0.585518 0.089888 -0.025858
-0.028228 0.026520 0.056365
-0.251620 -0.025435 0.033983
-0.135827 -0.018508 -0.025858
-0.015582 -0.020290 -0.060387
-0.015882 0.096360 0.027765
-0.072739 0.021870 -0.116471
-0.386470 -0.073879 0.084008
0.009246 -0.076830 -0.028386
-0.319122 0.048783 0.065724
0.177404 -0.048197 -0.079778
-0.017211 0.004919 -0.067009
0.043006 -0.033337 -0.022081
-0.022049 -0.030361 0.042800
-0.037371 -0.056613 -0.052302
-0.014282 -0.036317 0.045571
-0.091570 -0.035894 -0.039004
-0.019342 0.007761 -0.102045
-0.138080 -0.045395 -0.051102
0.016265 -0.025084 0.029479
0.044254 0.013832 0.017540
0.004463 -0.043697 0.021100
-0.023869 -0.031640 0.004796
0.070179 0.026219 -0.021722
-0.135680 -0.014874 0.029433
-0.077428 -0.043286 0.026341
-0.038877 -0.002799 0.030157
-0.034274 -0.042160 0.028543
-0.087016 -0.104753 -0.002688
-0.001170 -0.007636 0.005883
-0.007959 -0.050353 -0.059602
-0.078517 -0.038554 0.008961
-0.201259 -0.065310 -0.036612
-0.131870 0.054615 -0.096456
-0.100948 -0.102966 -0.023374
-0.019508 -0.026526 -0.031549
-0.082891 -0.012976 -0.104890
-0.047098 -0.170265 -0.053760
-0.088645 -0.117310 -0.118713
-0.109705 0.017840 -0.013201
0.004501 -0.056787 0.001080
-0.027262 -0.030516 -0.009669
0.020393 0.000876 0.045182
-0.087189 -0.053371 0.004139
0.016347 -0.063669 0.004836
-0.001081 -0.009571 -0.023674
0.329666 -0.018039 -0.060049
-0.191974 -0.126581 -0.085736
-0.104626 -0.069402 -0.020066
0.169441 0.014780 -0.017077
0.054570 0.019110 0.013312
-0.201746 0.000709 -0.033692
-0.607512 -0.018616 -0.042902
0.048843 -0.187312 0.065442
-0.088508 -0.009551 -0.040247
0.268865 -0.125013 0.043137
0.041701 -0.096267 -0.075658
-0.037933 -0.039123 -0.074607
0.019691 -0.055080 -0.086094
-0.165970 -0.065265 0.033092
-0.070450 -0.083265 0.041854
-0.106594 -0.000182 -0.038402
-0.014403 -0.013767 -0.018158
-0.043912 -0.000901 -0.000149
-0.029151 -0.033495 -0.040000
-0.212139 -0.006128 -0.113769
-0.313157 -0.015523 -0.070149
-0.691284 -0.071180 0.057340
-0.060862 -0.051679 0.036394
0.211843 -0.038874 0.030292
-0.083244 -0.014833 0.004884
-0.394640 0.007052 -0.015869
0.035747 -0.022662 0.012117
-0.029270 -0.037734 -0.046687
-0.032697 -0.014511 -0.119024
-0.164728 -0.230085 0.059392
-0.179386 0.034597 -0.025160
0.001413 -0.078636 -0.003024
-0.018023 -0.071588 -0.054574
-0.175108 -0.005030 -0.076428
-0.106887 -0.018056 -0.019414
0.017555 0.030974 0.053495
-0.129454 -0.024293 0.048655
-0.021251 -0.046008 -0.013842
-0.005945 -0.024748 -0.079213
0.063979 -0.051261 0.043683
-0.218100 -0.000936 -0.009604
-0.043185 -0.002932 -0.002562
0.020525 -0.027973 -0.006870
-0.045023 -0.048292 -0.009288
-0.019213 -0.044456 0.048566
-0.131705 -0.073548 -0.027949
0.036744 -0.181850 -0.002105
-0.102879 -0.053381 0.087164
-0.013321 -0.018035 -0.038465
-0.168847 0.114183 -0.074742
-0.053751 -0.056247 0.028598
0.001481 -0.020356 0.021067
0.050024 -0.153337 -0.030279
-0.019197 -0.066208 -0.017175
-0.057569 -0.092768 -0.052335
-0.114589 -0.049244 -0.004445
-0.067953 -0.077596 -0.119329
-0.031167 -0.096302 -0.097057
0.144133 0.019154 -0.054831
-0.034996 0.028460 0.009139
-0.080925 -0.057181 -0.005249
-0.044138 -0.006714 0.004268
0.009813 -0.062596 -0.037658
-0.005077 -0.476059 -0.067073
-0.063719 -0.151173 0.031998
-0.029168 -0.025046 -0.003986
-0.112223 -0.057223 -0.019195
-0.043204 -0.024606 0.024448
-0.064280 -0.100484 -0.016357
-0.040030 -0.028155 0.024213
-0.015536 -0.064103 -0.093514
-0.015432 -0.113645 0.031637
0.068274 -0.105593 0.024647
0.017261 -0.039696 0.040585
-0.061150 -0.036680 0.056207
-0.058243 -0.016242 0.050542
-0.046014 -0.045089 -0.013143
0.052889 0.003447 0.067707
0.022624 0.030059 -0.035365
-0.218391 -0.008230 0.002078
-0.219274 0.002674 0.085295
-0.145227 -0.042425 0.012173
-0.108888 -0.119541 0.080835
-0.077772 0.062417 0.010258
-0.131446 0.005317 -0.011693
-0.035393 0.033819 -0.023773
0.036238 -0.017216 0.136474
-0.249140 -0.029777 -0.029807
-0.169633 -0.022607 0.088410
-0.115828 -0.008512 -0.024364
-0.067286 -0.088650 -0.128385
-0.091816 -0.014856 -0.044853
-0.004057 -0.044841 0.109188
-0.216930 0.059406 -0.016623
-0.068322 -0.049967 0.028606
0.250173 -0.028571 -0.015476
0.016577 0.088490 -0.066792
-0.004767 -0.005433 -0.010130
0.040279 0.074093 0.068096
0.431019 -0.350470 -0.086496
0.148435 -0.386970 0.057443
-0.254937 0.014061 -0.004823
0.004612 0.007458 -0.050456
-0.044589 -0.011060 -0.002391
-0.194893 -0.062193 0.045456
-0.014371 -0.052201 -0.066950
-0.106117 -0.030143 -0.001436
-0.034535 -0.264137 -0.099451
-0.150262 -0.044399 -0.069618
-0.181869 0.049789 -0.043216
-0.105498 -0.035380 0.022784
-0.105355 -0.056490 -0.010649
-0.063135 -0.103463 -0.088770
-0.089243 -0.060470 -0.082775
-0.099038 -0.094334 0.041480
-0.168485 -0.004216 -0.020968
-0.025310 -0.104829 -0.042925
-0.293728 -0.027733 -0.011068
-0.083266 -0.055421 -0.084156
-0.077694 -0.033657 0.036678
0.056219 -0.006451 -0.032635
-0.017078 -0.012551 0.053781
-0.197095 -0.688245 -0.104166
0.168229 0.243991 0.230064
-0.159785 -0.025023 -0.137075
0.036315 -0.004783 0.173705
-0.096450 -0.296365 0.051334
0.846712 -0.054938 -0.041835
0.015662 -0.061286 0.049204
-0.095260 -0.027332 -0.082716
-0.022133 -0.071507 0.127734
-0.665859 0.675079 0.100654
-0.053329 -0.049802 -0.085513
-0.088706 -0.036848 -0.076560
-0.134743 -0.080232 -0.037840
0.088999 0.036827 -0.049252
-0.014433 -0.008703 -0.080365
-0.071037 -0.142491 -0.079710
-0.092255 -0.053098 0.060513
0.022093 -0.017812 -0.046497
-0.075975 0.016125 0.058346
-0.409358 -0.032503 0.008928
-0.086226 -0.014764 -0.047926
0.022937 -0.027788 -0.055377
-0.425407 -0.037184 0.057608
0.016093 -0.035704 -0.078724
-0.090023 -0.001616 -0.032850
-0.145069 -0.167309 -0.010069
-0.108417 -0.082359 -0.051333
-0.089587 -0.033734 0.035015
-0.035833 -0.034448 0.006607
-0.234380 0.016263 0.034538
0.038314 -0.037995 -0.051199
-0.170634 -0.025209 0.009630
0.112206 0.044810 -0.017650
0.136180 -0.028994 0.066752
0.398660 0.039218 -0.028633
-0.037324 -0.005360 -0.016332
0.052427 -0.211156 -0.168846
0.010713 -0.045551 0.056606
-0.035476 -0.112753 -0.067271
-0.048784 -0.053297 -0.016355
-0.090703 -0.076720 0.030980
-0.383674 -0.410398 -0.307524
-0.071000 -0.000391 -0.059769
-0.025021 -0.013566 -0.064841
-0.234802 0.081205 -0.051117
-0.095480 -0.109669 -0.065416
-0.033545 -0.089358 -0.035824
0.076970 -0.048499 -0.037719
-0.119504 -0.120010 -0.036849
-0.053496 -0.183851 0.065268
-0.047170 -0.107865 0.048161
0.003153 -0.026671 0.040316
-0.076807 -0.014665 0.010109
-0.020805 -0.081264 0.083223
-0.297137 -0.105011 0.032876
-0.002801 -0.022458 -0.061354
0.019029 0.011380 -0.029118
-0.241872 -0.240348 -0.256771
0.178312 -0.028320 -0.082559
-0.077393 -0.024316 0.014245
-0.033775 -0.086881 0.046660
0.029491 -0.092549 0.064558
0.052339 -0.006192 -0.004938
-0.011819 0.031243 -0.048561
-0.029795 -0.115544 0.126473
-0.158359 0.041247 0.027575
-0.090931 -0.028439 -0.112303
0.253892 0.012008 0.142751
-0.017633 -0.190350 -0.015988
-0.000160 -0.036995 -0.024265
0.050078 -0.041889 -0.001694
-0.092349 -0.052348 0.036470
-0.141333 0.101548 -0.009995
0.091122 -0.082750 -0.057703
-0.066814 -0.029916 0.043533
-0.116799 0.030066 -0.049229
-0.017128 0.009705 -0.073505
-0.008249 -0.020773 0.008000
-0.045325 0.041576 -0.053706
-0.083816 -0.082767 -0.008244
-0.185028 -0.008095 -0.014922
0.063192 -0.029852 -0.048284
-0.031799 0.010433 0.028676
-0.021722 -0.054715 -0.017544
-0.147308 0.001073 0.165102
0.021252 -0.027860 0.022050
-0.109172 0.002265 -0.043733
0.003856 -0.001131 0.110332
-0.175740 0.020487 0.049973
-0.097066 -0.006535 0.032615
-0.113977 0.023232 -0.018362
-0.130267 -0.052581 0.116849
-0.056630 -0.043096 0.007235
-0.003536 -0.201897 0.116020
0.002893 -0.036191 0.042716
0.134110 -0.030080 -0.201770
-0.090206 -0.033212 -0.074570
-0.168872 -0.017774 -0.299956
-0.035659 -0.006906 -0.041323
-0.294356 -0.069145 0.118438
-0.005576 -0.057867 -0.002154
-0.029408 -0.077979 0.005385
-0.153428 -0.047159 0.096936
0.072193 -0.042640 -0.027991
-0.105724 -0.047370 0.053213
-0.384116 -0.053353 0.061561
-0.033875 -0.014106 -0.038363
-0.182583 -0.051312 0.003848
0.009895 0.017734 -0.029296
-0.111662 0.026217 0.051270
-0.009431 -0.074572 0.200302
0.057730 -0.005596 -0.042975
0.012041 0.029925 -0.045938
-0.218584 -0.019552 -0.111410
-0.106428 -0.250961 -0.010804
0.094195 -0.005778 0.088024
-0.042482 -0.032169 0.029072
0.041251 -0.023724 -0.043345
-0.109476 -0.013522 -0.028616
0.031446 0.036834 0.001891
-0.283395 -0.060677 -0.052743
0.007792 -0.095473 0.257169
-0.164412 0.025069 0.043859
-0.082154 -0.023349 -0.014878
-0.058436 0.096883 0.073166
0.036949 -0.035938 0.009414
-0.000255 0.023451 -0.029519
-0.040305 0.041328 0.006958
-0.141026 -0.008596 0.022021
-0.034602 0.015059 0.006824
-0.078766 -0.095418 0.060863
-0.038847 -0.059641 -0.041457
-0.041007 0.006679 -0.052062
-0.024984 0.006517 0.068488
-0.479287 -0.002745 -0.056811
-0.152997 -0.000856 0.059379
-0.204177 0.013304 -0.017245
-0.054081 0.020808 -0.038544
-0.081381 0.018943 0.104601
-0.137411 -0.074731 0.061402
0.055869 -0.028352 -0.116962
0.015252 -0.129596 -0.120333
-0.040116 -0.033735 0.022457
-0.156974 -0.073817 -0.019003
-0.018244 -0.068696 -0.098496
-0.152631 -0.009941 -0.044695
-0.097530 0.056682 0.003912
-0.028866 -0.089942 -0.009500
-0.047741 -0.125865 -0.016088
0.119739 -0.048504 -0.056497
-0.163173 -0.236406 -0.132504
-0.044025 -0.037840 -0.005935
-0.203894 0.014341 -0.035740
-0.127397 -0.003794 0.004722
-0.296725 0.057385 -0.077299
-0.052421 -0.021124 -0.040274
-0.111051 -0.057605 -0.089782
0.004338 -0.006734 -0.080900
-0.021296 0.004750 0.075314
0.442138 -0.016002 -0.116159
-0.195882 -0.018599 -0.088908
0.085758 0.020980 0.010660
-0.001931 -0.006930 -0.187375
-0.026131 -0.018135 0.002137
-0.189812 0.042322 0.057134
0.025336 0.038611 0.042808
-0.026809 -0.276370 -0.039338
-0.031096 -0.015702 -0.081533
0.119423 0.028362 0.063239
-0.035795 -0.025847 -0.174366
0.983813 0.003633 0.065928
-0.007443 0.985786 0.068784
0.006620 0.003620 0.937024
