5
1.721583 -0.832507 -0.009169
-0.136047 1.228965 -0.231618
-0.088151 -0.101819 1.097350
3
2.367177 -0.832507 -0.023029
-0.187065 1.228965 -0.581759
-0.121207 -0.101819 2.756235
1.375000 1.000000 2.511719
4
4.241127 -0.832054 -0.011741
-0.335153 1.228297 -0.296599
-0.217160 -0.101764 1.405216
2.463504 0.999457 1.280554
9
3.773718 -0.831252 -0.013017
-0.298216 1.227113 -0.328835
-0.193227 -0.101665 1.557944
2.192005 0.998493 1.419733
10
4.179269 -0.831782 -0.012095
-0.330264 1.227895 -0.305542
-0.213993 -0.101730 1.447584
2.427573 0.999130 1.319164
11
4.886276 -0.837800 -0.010380
-0.386135 1.236779 -0.262227
-0.250194 -0.102466 1.242369
2.838246 1.006359 1.132153
