3018
0.024392 0.018273 0.013746
0.085153 0.052840 0.049356
0.003767 0.015235 0.083143
0.058404 0.117291 0.128911
0.006095 0.036388 0.071956
0.102718 0.018638 0.025287
0.072627 0.011412 0.008780
0.036851 0.074135 0.080786
0.005324 0.037533 0.013781
0.102457 0.137729 0.006243
0.023237 0.041557 0.094580
0.022867 0.114579 0.019736
0.082810 0.016765 0.064261
0.101109 0.091728 0.006440
0.004808 0.009091 0.010663
0.004160 0.007329 0.008999
0.003924 0.007292 0.009074
0.004924 0.008828 0.010823
0.041407 0.006485 0.027844
0.067341 0.038104 0.093775
0.021254 0.004024 0.046193
0.001204 0.011371 0.017207
0.008774 0.013169 0.012546
0.004345 0.007881 0.009751
0.010892 0.008456 0.022180
0.015799 0.018316 0.075518
0.000724 0.007759 0.032021
0.001007 0.009687 0.023136
0.007981 0.051157 0.121590
0.005996 0.010656 0.012682
0.054683 0.120289 0.160498
0.108037 0.109497 0.137200
0.018363 0.136433 0.139856
0.109309 0.110005 0.118024
0.049292 0.136724 0.077721
0.095769 0.043182 0.025204
0.000521 0.005876 0.054460
0.090243 0.169861 0.184599
0.004495 0.007535 0.009500
0.110178 0.076002 0.063782
0.002155 0.014604 0.013397
0.004103 0.007553 0.009152
0.002966 0.013608 0.078944
0.058621 0.112438 0.125342
0.009395 0.016720 0.019457
0.066855 0.058945 0.036486
0.005799 0.009770 0.011961
0.005578 0.031786 0.070633
0.095730 0.014962 0.019470
0.067654 0.005422 0.005432
0.034121 0.028295 0.014818
0.003360 0.034369 0.011666
0.010644 0.007941 0.025336
0.095151 0.117133 0.004613
0.076558 0.062325 0.053957
0.078611 0.051894 0.047130
0.003977 0.007621 0.009044
0.020693 0.035891 0.086361
0.020232 0.104747 0.015067
0.077027 0.012675 0.055971
0.051928 0.022805 0.009639
0.023691 0.020631 0.010614
0.004680 0.008298 0.009842
0.005265 0.009598 0.011436
0.087709 0.044670 0.035349
0.090245 0.050930 0.035569
0.063926 0.055153 0.013982
0.106309 0.121395 0.099508
0.037136 0.155512 0.139508
0.076238 0.116699 0.152745
0.030210 0.126180 0.157508
0.005961 0.010295 0.011429
0.015213 0.078243 0.012971
0.004392 0.007337 0.008600
0.023546 0.007167 0.009797
0.097653 0.037207 0.055772
0.108180 0.042471 0.041940
0.041745 0.069645 0.009488
0.004444 0.007495 0.008915
0.079190 0.007881 0.020908
0.012309 0.006881 0.012992
0.080208 0.006214 0.008976
0.012873 0.009390 0.007755
0.004012 0.007525 0.008071
0.089268 0.169108 0.182745
0.004130 0.007133 0.007702
0.087144 0.161997 0.176130
0.004095 0.007360 0.008147
0.083745 0.152253 0.165930
0.030542 0.022953 0.017184
0.106623 0.066174 0.061994
0.004820 0.019216 0.104263
0.073126 0.146876 0.162535
0.007868 0.045484 0.090446
0.128985 0.023349 0.031955
0.091105 0.014377 0.011240
0.006771 0.047071 0.017459
0.128317 0.172580 0.007764
0.026408 0.050972 0.055888
0.028967 0.052232 0.118598
0.028732 0.143407 0.024877
0.103459 0.021000 0.080729
0.013052 0.027022 0.030508
0.127042 0.115033 0.008148
0.005957 0.011499 0.013342
0.005338 0.009151 0.011339
0.005059 0.009152 0.011303
0.006003 0.011041 0.013393
0.052107 0.007826 0.034763
0.083593 0.047934 0.117481
0.026756 0.004921 0.057625
0.001617 0.014194 0.021364
0.010285 0.016516 0.015496
0.005245 0.009635 0.012133
0.013815 0.010530 0.027929
0.020323 0.023091 0.094457
0.001099 0.012096 0.029337
0.010179 0.064087 0.151704
0.007827 0.013309 0.016353
0.067968 0.151222 0.199709
0.135481 0.136816 0.172266
0.022900 0.171121 0.176332
0.137755 0.137560 0.148187
0.061016 0.171459 0.098081
0.119680 0.054174 0.031703
0.105271 0.062153 0.059523
0.108843 0.195493 0.213993
0.031434 0.019075 0.012940
0.000455 0.007535 0.067591
0.005564 0.009507 0.011545
0.138422 0.095206 0.079686
0.150498 0.073991 0.067672
0.002385 0.018328 0.016262
0.005214 0.009576 0.011802
0.104107 0.065793 0.057394
0.003698 0.016947 0.099451
0.083959 0.073403 0.045863
0.077679 0.077008 0.059216
0.007884 0.039692 0.088715
0.119623 0.018651 0.024960
0.085857 0.006661 0.007709
0.004087 0.042937 0.014696
0.118753 0.146379 0.005706
0.095540 0.078045 0.067111
0.098321 0.064945 0.058245
0.005196 0.009604 0.011733
0.025735 0.045084 0.108259
0.025309 0.131189 0.019087
0.096356 0.016138 0.069724
0.064624 0.028547 0.011940
0.029978 0.025866 0.013302
0.005977 0.010498 0.012249
0.114110 0.223371 0.238922
0.094217 0.177555 0.196265
0.110643 0.055734 0.044903
0.113060 0.064113 0.044945
0.079709 0.069198 0.017539
0.108204 0.194966 0.212468
0.133281 0.152408 0.124102
0.046712 0.194883 0.175037
0.095457 0.146572 0.191040
0.038295 0.158411 0.197417
0.019882 0.037745 0.041784
0.007403 0.012804 0.014397
0.019417 0.097928 0.015833
0.005369 0.009272 0.010912
0.120112 0.007950 0.005284
0.122430 0.046751 0.069871
0.135929 0.053427 0.052547
0.052738 0.087344 0.011744
0.005455 0.009497 0.011047
0.099632 0.009892 0.026398
0.015149 0.008626 0.016673
0.100991 0.007835 0.010577
0.162931 0.140210 0.003218
0.031946 0.132563 0.006173
0.016204 0.011672 0.009938
0.114716 0.219748 0.236872
0.005413 0.009343 0.011069
0.111943 0.212033 0.229665
0.005339 0.009045 0.009982
0.005227 0.009209 0.010707
0.105048 0.191001 0.207945
0.038612 0.029006 0.021613
0.184770 0.066298 0.007431
0.134360 0.083890 0.078218
0.005963 0.024239 0.131808
0.009905 0.057737 0.114277
0.162758 0.029423 0.040207
0.115018 0.018059 0.014160
0.057898 0.117459 0.127681
0.008491 0.059368 0.022031
0.020879 0.015863 0.047455
0.161806 0.218429 0.009383
0.036455 0.066047 0.149668
0.036104 0.181178 0.031602
0.131174 0.026528 0.102135
0.016983 0.034185 0.038839
0.160893 0.145180 0.010351
0.007751 0.014463 0.016989
0.139134 0.268089 0.290138
0.005992 0.010838 0.013145
0.005933 0.010738 0.013443
0.007742 0.013367 0.016252
0.131418 0.234822 0.257637
0.064733 0.009420 0.042833
0.104142 0.059372 0.145500
0.033231 0.005612 0.071719
0.002123 0.017292 0.025959
0.012885 0.020315 0.019050
0.006419 0.011725 0.014108
0.016899 0.012745 0.034515
0.025147 0.028312 0.117255
0.000706 0.011646 0.049100
0.001236 0.014797 0.035774
0.012324 0.079388 0.188160
0.009391 0.016653 0.019608
0.085359 0.190228 0.251265
0.169338 0.172222 0.215532
0.029087 0.213935 0.218886
0.170958 0.171704 0.184397
0.077083 0.213184 0.120760
0.149103 0.066909 0.039060
0.131881 0.077128 0.072559
0.039686 0.023825 0.016098
0.000951 0.008797 0.084643
0.172165 0.118662 0.098853
0.188111 0.092385 0.084091
0.003104 0.022917 0.020316
0.130743 0.082805 0.072444
0.004493 0.020703 0.125212
0.105105 0.091613 0.056604
0.097109 0.095832 0.073635
0.008665 0.015356 0.018106
0.009598 0.049901 0.111548
0.151574 0.023285 0.030790
0.053974 0.043945 0.023083
0.098857 0.093054 0.072634
0.005119 0.054055 0.017908
0.016622 0.012282 0.039713
0.150469 0.184389 0.006271
0.047223 0.086841 0.096680
0.119828 0.097255 0.084047
0.122427 0.081469 0.073094
0.006411 0.011991 0.014567
0.032628 0.056849 0.136516
0.031657 0.165278 0.023359
0.122035 0.019747 0.087826
0.077314 0.147880 0.165505
0.037366 0.032356 0.016428
0.007673 0.013000 0.015470
0.143028 0.281487 0.301971
0.148251 0.134491 0.005915
0.008308 0.014964 0.017732
0.138532 0.069838 0.055725
0.100118 0.087512 0.021807
0.168284 0.192352 0.156857
0.058791 0.246202 0.220069
0.120064 0.184803 0.240307
0.047292 0.199697 0.248632
0.009170 0.016105 0.017497
0.033219 0.056936 0.063450
0.006875 0.011700 0.013796
0.037405 0.011212 0.015649
0.151544 0.010046 0.006863
0.154543 0.059111 0.088608
0.171458 0.067405 0.066359
0.047087 0.185018 0.000735
0.066434 0.109746 0.015599
0.006847 0.011943 0.013979
0.125412 0.012366 0.032966
0.018996 0.010813 0.021000
0.220548 0.017399 0.010565
0.205708 0.176269 0.003761
0.139422 0.204402 0.000374
0.040401 0.166890 0.007364
0.020388 0.014667 0.012478
0.032834 0.056428 0.063101
0.007146 0.011778 0.013822
0.141002 0.267138 0.289715
0.006584 0.011451 0.012646
0.006587 0.011762 0.013401
0.076717 0.057476 0.043162
0.365449 0.131279 0.014635
-0.000949 0.022013 0.185668
0.266663 0.166030 0.155902
0.012234 0.047945 0.262264
0.182794 0.366924 0.405567
0.019649 0.114077 0.226018
0.322295 0.058496 0.079438
0.227778 0.035824 0.027749
0.114552 0.232247 0.253771
0.017049 0.118077 0.043232
0.041893 0.031473 0.094311
0.320890 0.430824 0.018766
0.065817 0.127535 0.139344
0.072302 0.130262 0.297827
0.071636 0.358884 0.062145
0.259189 0.052728 0.202456
0.033575 0.067585 0.076761
0.318138 0.287692 0.020131
0.014835 0.028860 0.033361
0.275126 0.529053 0.573693
0.012003 0.021264 0.025866
0.271752 0.510560 0.558500
0.259376 0.462402 0.510223
0.128459 0.018182 0.084078
0.205674 0.117290 0.289480
0.065250 0.011587 0.141152
0.003613 0.034737 0.051392
0.025309 0.040398 0.037617
0.066626 0.117178 0.134501
0.012450 0.023204 0.028364
0.033249 0.024947 0.068340
0.050068 0.056142 0.231958
0.001645 0.023477 0.097393
-0.013721 0.168514 0.373173
0.002602 0.029552 0.071211
0.024241 0.157317 0.372614
0.018819 0.033274 0.039633
0.169464 0.374604 0.498210
0.335178 0.339732 0.426160
0.057886 0.422068 0.432989
0.337972 0.339167 0.364955
0.152950 0.421001 0.240834
0.294232 0.133007 0.077306
0.259889 0.152434 0.144133
0.267565 0.478666 0.524913
0.078447 0.046821 0.031841
0.353931 0.123610 0.007528
0.001298 0.017627 0.167716
0.279665 0.524749 0.571165
0.342122 0.234423 0.196212
0.372179 0.183054 0.167037
0.006006 0.045445 0.039939
0.068103 0.119226 0.135245
0.008332 0.041284 0.246938
0.180234 0.347888 0.388452
0.029295 0.051669 0.059063
0.206668 0.181771 0.110686
0.017149 0.030564 0.035899
0.017838 0.098734 0.220185
0.298532 0.045857 0.060630
0.105274 0.087081 0.045077
0.195071 0.184446 0.143738
0.269458 0.482083 0.528255
0.009975 0.107364 0.035165
0.033614 0.024029 0.079298
0.296331 0.364610 0.012023
0.237787 0.192637 0.165405
0.242614 0.161419 0.144447
0.064954 0.111954 0.270725
0.063860 0.327079 0.045958
0.241423 0.039455 0.174429
0.161980 0.070095 0.028806
0.074252 0.064198 0.032108
0.284487 0.554982 0.596821
0.293568 0.266117 0.010855
0.233594 0.439933 0.486077
0.273704 0.138434 0.110116
0.281462 0.158819 0.111281
0.198356 0.172711 0.042379
0.333733 0.379542 0.309264
0.117610 0.485463 0.435358
0.238231 0.364770 0.475854
0.094158 0.393952 0.491440
0.047321 0.244357 0.037809
0.073561 0.022379 0.030309
0.300121 0.020263 0.012854
0.304990 0.116987 0.174863
0.338194 0.132987 0.130938
0.453299 0.102165 0.001159
0.093598 0.366078 0.000006
0.130510 0.217178 0.029263
0.003374 0.363693 0.023060
0.013384 0.023822 0.027020
0.249179 0.024478 0.065307
0.037609 0.021585 0.041744
0.437498 0.034441 0.021287
0.406253 0.349015 0.006497
0.276776 0.403785 0.000963
0.079416 0.330152 0.013669
0.039895 0.029478 0.024340
0.287751 0.547138 0.591986
0.279285 0.528209 0.573108
0.066509 0.118624 0.131386
0.013254 0.022534 0.024987
0.271880 0.504327 0.548612
0.064033 0.114757 0.125710
0.460184 0.165740 0.018431
-0.001248 0.027927 0.234241
0.335875 0.209379 0.196340
0.015516 0.060550 0.330750
0.230706 0.462604 0.512602
0.024665 0.143990 0.285688
0.406784 0.073809 0.100275
0.143765 0.292665 0.319598
0.021292 0.148671 0.053932
0.052651 0.039681 0.119232
0.404217 0.543119 0.023552
0.083231 0.160654 0.176605
0.091031 0.164947 0.374674
0.090693 0.451566 0.078332
0.326830 0.066240 0.255793
0.041870 0.085394 0.096622
0.400757 0.362066 0.025697
0.345969 0.665800 0.723100
0.341460 0.642562 0.703550
0.015092 0.027406 0.033613
0.336141 0.617967 0.678442
0.018862 0.033853 0.040780
0.327449 0.581864 0.640433
0.162560 0.022990 0.106467
0.260688 0.148132 0.365856
0.083040 0.014377 0.179387
0.004856 0.043659 0.064919
0.032132 0.051146 0.048012
0.084431 0.147557 0.169726
0.042201 0.031310 0.085789
0.062212 0.070790 0.293071
0.001975 0.029567 0.122805
-0.017316 0.212351 0.471670
0.002955 0.037565 0.089146
0.030083 0.198591 0.471135
0.213259 0.472297 0.627702
0.422720 0.428164 0.537956
0.073013 0.531992 0.548005
0.428037 0.428118 0.461347
0.192759 0.531090 0.302559
0.371653 0.168500 0.097730
0.327133 0.192834 0.181552
0.338604 0.602457 0.660194
0.099045 0.058941 0.039585
0.001587 0.022140 0.211586
0.351192 0.660303 0.720285
0.429390 0.295527 0.246373
0.469098 0.230132 0.210807
0.007554 0.057001 0.050925
0.086296 0.149824 0.171639
0.015540 0.029095 0.035432
0.326917 0.205778 0.179728
0.010169 0.052026 0.311025
0.226517 0.438712 0.489632
0.260759 0.228737 0.140802
0.241969 0.238764 0.182964
0.021614 0.038453 0.045130
0.023293 0.124130 0.277088
0.376894 0.058005 0.076650
0.267656 0.020525 0.021305
0.133237 0.109583 0.057190
0.246442 0.231996 0.182127
0.012925 0.135051 0.043824
0.041687 0.030527 0.099297
0.374499 0.458511 0.015225
0.298439 0.242736 0.209655
0.015692 0.030127 0.035739
0.081597 0.141324 0.340922
0.079538 0.412415 0.057662
0.303462 0.049773 0.218829
0.192386 0.368359 0.409505
0.203612 0.088533 0.036393
0.092936 0.080918 0.040038
0.369855 0.335728 0.013619
0.020092 0.037573 0.044145
0.295711 0.553541 0.609691
0.344241 0.174715 0.138325
0.353433 0.200816 0.140240
0.339828 0.609291 0.666636
0.419050 0.478306 0.390417
0.148036 0.610763 0.549142
0.300111 0.459528 0.599192
0.119613 0.495661 0.619464
0.059459 0.307878 0.047558
0.081525 0.142054 0.158975
0.092517 0.028422 0.038080
0.378079 0.025345 0.015832
0.384758 0.147549 0.220625
0.426021 0.167822 0.164899
0.570704 0.128733 0.001182
0.117852 0.460388 -0.000109
0.165202 0.273295 0.037166
0.004034 0.457758 0.029344
0.313133 0.031266 0.082224
0.047481 0.027385 0.052582
0.317030 0.024364 0.033789
0.513443 0.438326 0.008445
0.349618 0.508432 0.000732
0.100140 0.415658 0.017385
0.050751 0.036831 0.030825
0.350921 0.664118 0.722509
0.016382 0.028445 0.031346
0.341492 0.634056 0.690564
0.330343 0.598400 0.657357
0.153648 0.115139 0.086102
-0.002033 0.044533 0.370983
0.532450 0.331500 0.311021
0.024945 0.095884 0.524772
0.038998 0.228516 0.452457
0.644221 0.116960 0.159458
0.454835 0.071855 0.054991
0.229139 0.462943 0.507398
0.033732 0.236031 0.086447
0.131414 0.254927 0.279434
0.145086 0.260241 0.596080
0.517863 0.105653 0.404586
0.066836 0.135022 0.153929
0.633578 0.573793 0.040113
0.024325 0.043265 0.052965
0.030005 0.053386 0.064532
0.129701 0.230705 0.262708
0.129408 0.242092 0.273098
0.258115 0.036784 0.170229
0.412496 0.234709 0.579673
0.131632 0.022860 0.284583
0.007301 0.069394 0.102983
0.050661 0.081096 0.074888
0.134274 0.234219 0.269193
0.066641 0.050277 0.137132
0.099392 0.112479 0.465741
0.003474 0.047055 0.195762
0.004601 0.059586 0.141233
0.038213 0.066402 0.078816
0.676176 0.675491 0.731436
0.590058 0.266713 0.154945
0.518769 0.305223 0.287903
0.156847 0.093962 0.063217
0.002491 0.035554 0.335797
0.027016 0.046797 0.055111
0.679878 0.468444 0.392372
0.011636 0.091044 0.080079
0.135805 0.238302 0.271512
0.519031 0.326391 0.284520
0.017163 0.082176 0.494862
0.058033 0.103571 0.118619
0.413828 0.362085 0.222473
0.383428 0.378705 0.290633
0.036346 0.197597 0.440956
0.596900 0.092126 0.121611
0.424999 0.032699 0.034293
0.237703 0.429155 0.485435
0.210377 0.174196 0.090341
0.390672 0.367330 0.287934
0.018961 0.214787 0.069851
0.066107 0.048299 0.157987
0.187418 0.343547 0.383025
0.472288 0.385039 0.332234
0.484377 0.322504 0.288463
0.129060 0.224422 0.542110
0.126736 0.652609 0.091805
0.481304 0.079158 0.348560
0.307125 0.583060 0.650908
0.321981 0.140838 0.057989
0.583671 0.531294 0.021098
0.547009 0.277022 0.219254
0.559815 0.318006 0.222381
0.396052 0.344951 0.084804
0.035914 0.064445 0.069021
0.094599 0.487221 0.075393
0.147307 0.044920 0.060799
0.599694 0.040362 0.024759
0.607861 0.234601 0.349218
0.674994 0.266342 0.261796
0.262698 0.433301 0.058810
0.497293 0.049581 0.130602
0.075518 0.043308 0.083301
0.501751 0.039214 0.053129
0.158717 0.658577 0.026632
0.127594 0.223525 0.250608
0.194157 0.145358 0.109162
-0.002233 0.056195 0.469035
0.670402 0.418675 0.393091
0.049880 0.288058 0.572724
0.574877 0.090794 0.070138
0.289717 0.583860 0.641503
0.043295 0.298084 0.109187
0.105769 0.079637 0.239895
0.166912 0.322033 0.353589
0.654235 0.133191 0.512991
0.084671 0.170916 0.194917
0.038285 0.072990 0.085466
0.160133 0.291911 0.331571
0.038596 0.067954 0.081874
0.325517 0.046836 0.215475
0.166304 0.029219 0.361303
0.009888 0.088019 0.130255
0.064726 0.102520 0.095677
0.169851 0.295919 0.340111
0.084451 0.063709 0.174170
0.126207 0.142687 0.590156
0.004731 0.059488 0.248887
0.006020 0.075521 0.180001
0.047941 0.083944 0.099845
0.655224 0.385912 0.364455
0.167069 0.314205 0.353856
0.199280 0.118824 0.080970
0.003215 0.045402 0.426104
0.015137 0.115139 0.101564
0.171808 0.301433 0.343736
0.033071 0.058881 0.072238
0.652398 0.412869 0.360884
0.073467 0.130762 0.150380
0.521397 0.458202 0.281087
0.481534 0.479131 0.367449
0.043537 0.077291 0.090783
0.046361 0.249635 0.557683
0.301234 0.542038 0.611943
0.109964 0.200932 0.228140
0.266482 0.220933 0.114247
0.492217 0.464852 0.363199
0.024808 0.271172 0.089944
0.084551 0.061255 0.200166
0.237339 0.433952 0.486801
0.597608 0.485592 0.422135
0.611315 0.407741 0.365775
0.166932 0.292327 0.330377
0.032438 0.060821 0.072795
0.608949 0.100350 0.440759
0.037186 0.065955 0.076195
0.041036 0.075465 0.089074
0.689823 0.349958 0.277840
0.707331 0.401719 0.281449
0.500941 0.435740 0.107201
0.342065 0.622965 0.696664
0.123350 0.236823 0.263709
0.119905 0.615842 0.096198
0.163170 0.284817 0.318808
0.186350 0.056929 0.077069
0.331164 0.547753 0.074725
0.627577 0.062546 0.165587
0.095766 0.054852 0.105294
0.633927 0.049471 0.068313
0.101721 0.074282 0.062045
0.161231 0.282503 0.316161
0.168286 0.300030 0.331528
0.019578 0.014512 0.010733
0.067737 0.042254 0.039071
0.002943 0.012132 0.066227
0.004869 0.029119 0.057239
0.058028 0.009098 0.006969
0.004406 0.030010 0.010739
0.010502 0.007999 0.023776
0.018296 0.033135 0.075559
0.018372 0.091380 0.016015
0.066058 0.013455 0.051237
0.008485 0.017121 0.019466
0.003661 0.007279 0.008444
0.070638 0.136101 0.147136
0.016432 0.030157 0.033998
0.002945 0.005822 0.007135
0.003679 0.006916 0.008545
0.033151 0.005135 0.021926
0.053151 0.030518 0.074960
0.017005 0.003241 0.036642
0.006653 0.010405 0.010102
0.003225 0.006145 0.007572
0.008458 0.006729 0.018085
0.012712 0.014919 0.060114
0.006424 0.040768 0.096949
0.005069 0.008458 0.010644
0.043082 0.096652 0.126785
0.086239 0.087409 0.109358
0.015202 0.109033 0.111883
0.087068 0.087834 0.094561
0.039492 0.109088 0.061840
0.076162 0.034589 0.020032
0.067287 0.039771 0.037047
0.020360 0.012164 0.008475
0.003489 0.006023 0.007373
0.088302 0.060938 0.050749
0.096312 0.047042 0.042980
0.001669 0.011653 0.010595
0.003297 0.006104 0.007148
0.002392 0.010701 0.063184
0.046118 0.089993 0.100540
0.007781 0.013282 0.015632
0.053498 0.046851 0.029090
0.004306 0.007739 0.009387
0.004575 0.025507 0.056283
0.075901 0.011991 0.015692
0.054083 0.004406 0.004551
0.011223 0.020421 0.023402
0.027365 0.022613 0.011679
0.002853 0.027355 0.009247
0.008396 0.006226 0.020242
0.017173 0.030577 0.033825
0.024356 0.044196 0.049198
0.003190 0.006132 0.007047
0.016633 0.028725 0.068838
0.015712 0.083602 0.012220
0.061661 0.010138 0.044501
0.009090 0.016437 0.018734
0.039907 0.075148 0.083683
0.003505 0.006603 0.007835
0.072024 0.142364 0.152092
0.003808 0.007615 0.009320
0.070381 0.035611 0.028168
0.051224 0.044002 0.011260
0.085695 0.096709 0.079247
0.029864 0.124354 0.110935
0.061025 0.093616 0.120825
0.023926 0.101171 0.125209
0.012674 0.024054 0.026700
0.004578 0.008195 0.009032
0.012333 0.062124 0.010263
0.003224 0.005957 0.006918
0.018807 0.005695 0.007794
0.078187 0.029976 0.044580
0.086406 0.034091 0.033293
0.034154 0.055433 0.007974
0.003446 0.006002 0.006966
0.062901 0.006216 0.016505
0.009896 0.005402 0.010575
0.111519 0.008880 0.005196
0.010209 0.007414 0.006209
0.016372 0.028414 0.031749
0.003425 0.005959 0.006998
0.071226 0.135050 0.145401
0.003394 0.005785 0.006246
0.003270 0.005962 0.006554
0.067234 0.121612 0.132471
0.308316 0.230763 0.174651
0.068727 0.472777 0.174139
0.167953 0.127003 0.380843
0.265374 0.510551 0.562469
0.134419 0.271219 0.309546
0.060706 0.116147 0.135711
0.049337 0.087238 0.107918
0.254482 0.457676 0.523732
0.060430 0.108283 0.129982
0.262505 0.484897 0.549683
0.517929 0.074585 0.341618
0.014952 0.139533 0.207635
0.101935 0.162838 0.152688
0.269214 0.469183 0.541504
0.051484 0.092830 0.113577
0.134265 0.100775 0.276823
0.007249 0.094601 0.394720
0.009735 0.119810 0.286135
0.075913 0.133268 0.159318
0.315503 0.188662 0.128549
0.023234 0.182644 0.162051
0.273884 0.477519 0.544802
0.115829 0.207932 0.238807
0.173969 0.318783 0.360473
0.423029 0.349589 0.181098
0.038528 0.429953 0.141535
0.132823 0.097156 0.318089
0.050981 0.096674 0.115343
0.141684 0.256962 0.293571
0.645309 0.282324 0.116528
0.297808 0.257550 0.129301
0.064731 0.119727 0.140922
0.198891 0.375002 0.418805
0.072632 0.128703 0.139319
0.260704 0.451788 0.506534
0.297480 0.089716 0.122753
0.053547 0.095882 0.109251
0.152437 0.087000 0.169636
0.161566 0.117873 0.098286
0.053227 0.090646 0.100959
0.011363 0.012371 0.027920
0.193565 0.050333 0.012809
0.027001 0.022417 0.038558
0.042120 0.041440 0.031001
0.169874 0.017381 0.023365
0.050865 0.109501 0.038257
0.013973 0.049713 0.040564
0.015610 0.009537 0.004063
0.012733 0.007743 0.003335
0.013051 0.007579 0.003379
0.065520 0.038684 0.015779
0.015518 0.009134 0.004011
0.158509 0.041568 0.037244
0.047632 0.007000 0.020371
0.013916 0.042571 0.055328
0.024536 0.067900 0.049615
0.011610 0.012398 0.007208
0.017867 0.071483 0.036645
0.024780 0.013233 0.004203
0.013104 0.008307 0.003631
0.049349 0.024082 0.033814
0.010010 0.010583 0.014896
0.040943 0.064391 0.053969
0.010424 0.011436 0.010259
0.010491 0.050385 0.026630
0.034685 0.073800 0.015045
0.019338 0.011138 0.004792
0.132414 0.143350 0.053617
0.180401 0.135576 0.021523
0.008281 0.057260 0.013419
0.012033 0.010884 0.025736
0.014324 0.007877 0.003486
0.254994 0.072237 0.015703
0.262140 0.054689 0.011981
0.014272 0.015185 0.005000
0.013398 0.007808 0.003403
0.030150 0.017298 0.007100
0.161465 0.055930 0.007207
0.022134 0.073866 0.021183
0.017438 0.010172 0.004356
0.038358 0.036858 0.030660
0.273801 0.160672 0.061631
0.012806 0.007895 0.003498
0.015182 0.008678 0.003649
0.048105 0.103888 0.037238
0.007620 0.043072 0.038218
0.016978 0.010029 0.004264
0.191105 0.040913 0.006514
0.177576 0.160384 0.050206
0.227160 0.122113 0.057277
0.149794 0.134329 0.062417
0.018003 0.010522 0.004100
0.012708 0.007630 0.003276
0.229582 0.038344 0.008385
0.013690 0.007854 0.003312
0.152107 0.004874 0.003787
0.013335 0.007680 0.003267
0.012956 0.007376 0.002947
0.012949 0.007584 0.003261
0.034348 0.028286 0.048732
0.053382 0.052228 0.039224
0.255766 0.017888 0.003735
0.152460 0.096755 0.037342
0.099889 0.060135 0.050892
0.064167 0.137872 0.048159
0.016766 0.062781 0.051042
0.016486 0.009713 0.004339
0.016643 0.009668 0.004390
0.019502 0.011574 0.004882
0.197765 0.052570 0.047045
0.060299 0.008838 0.025855
0.018135 0.053728 0.070024
0.030917 0.085718 0.062476
0.014607 0.015702 0.009015
0.022653 0.090326 0.045755
0.031325 0.016783 0.005333
0.017215 0.010430 0.004763
0.063916 0.030248 0.042330
0.012995 0.013334 0.018705
0.051105 0.081308 0.067697
0.013184 0.014436 0.012983
0.075657 0.076103 0.067123
0.013231 0.063647 0.033681
0.044770 0.092869 0.019022
0.352505 0.141188 0.061091
0.166568 0.180994 0.068425
0.353827 0.139247 0.049198
0.227187 0.171181 0.027532
0.010163 0.072158 0.016892
0.017222 0.010065 0.004337
0.329242 0.069023 0.015268
0.017031 0.019173 0.006102
0.016446 0.009958 0.004399
0.029806 0.025669 0.046627
0.237826 0.146661 0.058651
0.027073 0.093284 0.026781
0.022282 0.012782 0.005544
0.373024 0.231106 0.087072
0.048557 0.046461 0.039005
0.151873 0.090736 0.035871
0.196664 0.072916 0.015443
0.343480 0.202973 0.077740
0.120239 0.072381 0.028400
0.231024 0.075562 0.018354
0.225335 0.062652 0.015214
0.016449 0.010044 0.004441
0.088603 0.052312 0.046774
0.197246 0.016416 0.025167
0.044800 0.027002 0.010946
0.201468 0.122639 0.048300
0.018676 0.010933 0.004612
0.371858 0.231909 0.087349
0.060925 0.131075 0.046833
0.010046 0.054282 0.048079
0.021078 0.012606 0.005420
0.350935 0.150748 0.036367
0.223638 0.202378 0.063583
0.190585 0.169587 0.078679
0.023140 0.013331 0.005183
0.016696 0.009601 0.004094
0.262806 0.044660 0.020609
0.016931 0.010027 0.004128
0.193202 0.006126 0.004481
0.016665 0.009737 0.003937
0.016479 0.009390 0.003619
0.080315 0.047576 0.018485
0.016765 0.009630 0.003965
0.017859 0.019793 0.044349
0.306456 0.080274 0.020251
0.042857 0.035564 0.061338
0.035167 0.107826 0.007924
0.066881 0.065979 0.049357
0.054125 0.018626 0.019963
0.108649 0.066959 0.025928
0.269991 0.027416 0.037311
0.056108 0.035622 0.014412
0.080466 0.173643 0.061006
0.021198 0.079055 0.064236
0.020572 0.012171 0.005395
0.103526 0.062115 0.025046
0.447898 0.272608 0.105074
0.019996 0.012194 0.005475
0.024925 0.014411 0.006326
0.132053 0.010074 0.015452
0.075796 0.011031 0.032586
0.022040 0.067654 0.087934
0.038828 0.107910 0.078831
0.028145 0.113657 0.057764
0.038605 0.021170 0.006468
0.021845 0.013151 0.005691
0.044224 0.015287 0.014902
0.080026 0.037993 0.053316
0.016004 0.016907 0.023368
0.064308 0.102367 0.085946
0.015996 0.018348 0.016459
0.015907 0.079947 0.042198
0.055337 0.117593 0.023973
0.302686 0.203440 0.098821
0.442985 0.178149 0.076652
0.209211 0.227939 0.085615
0.444873 0.175478 0.062199
0.285586 0.215990 0.034113
0.012962 0.090767 0.021177
0.018378 0.017378 0.040774
0.022304 0.012551 0.005454
0.404048 0.115057 0.024967
0.415422 0.086790 0.019185
0.021954 0.024184 0.007707
0.020963 0.012545 0.005566
0.037393 0.032411 0.058723
0.257220 0.088437 0.011471
0.035181 0.117583 0.033591
0.062173 0.058596 0.048689
0.296270 0.016739 0.001752
0.067346 0.132665 0.005045
0.020456 0.012607 0.005613
0.112709 0.065859 0.058434
0.034622 0.129709 0.006251
0.468088 0.291547 0.109597
0.077228 0.164714 0.058801
0.011653 0.068823 0.060307
0.382310 0.232652 0.090517
0.303490 0.064943 0.010253
0.442312 0.190512 0.046052
0.282508 0.254492 0.080046
0.360665 0.194202 0.091131
0.237915 0.214013 0.098813
0.218571 0.130471 0.051181
0.028520 0.016891 0.006293
0.102335 0.059256 0.023251
0.020589 0.012262 0.005042
0.364111 0.061058 0.012993
0.021780 0.012370 0.005162
0.242553 0.007661 0.005570
0.044035 0.011266 0.007927
0.101409 0.058458 0.023098
0.021348 0.012371 0.005108
0.454436 0.277063 0.105382
0.021026 0.011770 0.004711
0.436990 0.264904 0.100969
0.021104 0.012151 0.004996
0.419522 0.249432 0.095311
0.036034 0.039443 0.088559
0.611031 0.159732 0.040907
0.086381 0.070965 0.122561
0.069606 0.214524 0.015921
0.607696 0.383665 0.150376
0.133165 0.131010 0.098360
0.641012 0.044907 0.009420
0.445996 0.023691 -0.006751
0.382073 0.242629 0.093848
0.106678 0.117525 0.008887
0.250533 0.150599 0.127910
0.350295 0.349233 -0.008294
0.537321 0.055005 0.074591
0.160720 0.345614 0.121303
0.042872 0.157255 0.128352
0.048776 0.030300 0.012592
0.206186 0.123588 0.049794
0.264095 0.019895 0.030942
0.496855 0.131779 0.117196
0.150441 0.022396 0.064685
0.045253 0.134613 0.175064
0.077255 0.214696 0.156688
0.035260 0.039586 0.022176
0.055923 0.226281 0.115518
0.077086 0.042033 0.012987
0.043202 0.026109 0.011665
0.088147 0.030557 0.029546
0.159575 0.075936 0.106276
0.031823 0.033706 0.046547
0.126950 0.203735 0.170677
0.032428 0.036541 0.032551
0.189946 0.190409 0.168715
0.032582 0.159507 0.084443
0.109560 0.233678 0.047353
0.417441 0.452530 0.169905
0.569329 0.427701 0.068160
0.643258 0.120703 0.003344
0.024809 0.180800 0.041881
0.036774 0.034500 0.081646
0.042733 0.048177 0.015287
0.075343 0.064334 0.117365
0.046969 0.191593 0.006698
0.069304 0.233850 0.067129
0.121645 0.116744 0.097342
0.255643 0.083891 0.006428
0.493312 0.182596 0.039692
0.130647 0.264878 0.009668
0.085571 0.107274 0.006628
0.087198 0.029440 0.033965
0.301509 0.181495 0.071671
0.577720 0.190504 0.046167
0.024932 0.195470 0.005036
0.222206 0.131246 0.117076
0.315731 0.318862 -0.012456
0.493445 0.041131 0.064008
0.067958 0.257894 0.012457
0.153497 0.327546 0.117652
0.023230 0.136389 0.121057
0.605202 0.129435 0.020800
0.631058 0.148787 0.018811
0.476028 0.160248 -0.010008
0.560281 0.505654 0.159319
0.474069 0.425020 0.197201
0.659025 0.111563 0.051917
0.221747 0.355141 -0.022726
0.217450 0.131093 0.050778
0.483125 0.015119 0.011285
0.088163 0.022733 0.015550
0.481088 0.006389 -0.007508
0.200664 0.116427 0.045809
0.217725 0.129790 0.050523
0.228528 0.069639 0.012539
0.045687 0.049811 0.111592
0.108865 0.089504 0.154383
0.088184 0.270116 0.019837
0.168496 0.165364 0.124202
0.561904 0.030112 -0.008594
0.480812 0.305333 0.118191
0.133789 0.147897 0.011181
0.271436 0.167691 0.065195
0.315280 0.190232 0.160948
0.677775 0.069001 0.094215
0.203323 0.434983 0.152714
0.053402 0.198416 0.161693
0.051901 0.030777 0.013469
0.333290 0.025094 0.039189
0.623598 0.166881 0.147806
0.190383 0.027979 0.082001
0.056330 0.170141 0.220953
0.097917 0.270091 0.197543
0.044595 0.049646 0.028046
0.070215 0.285178 0.145714
0.269278 0.156711 0.064474
0.054475 0.033046 0.014491
0.111401 0.038362 0.037166
0.201539 0.095375 0.134237
0.040331 0.042370 0.058777
0.159387 0.256601 0.215368
0.240536 0.239303 0.213229
0.040002 0.201480 0.106330
0.138242 0.294147 0.059915
0.527507 0.569582 0.214745
0.031006 0.228574 0.052790
0.225162 0.056289 0.007127
0.047501 0.043372 0.102551
0.054966 0.060524 0.019260
0.094202 0.081435 0.147300
0.059251 0.241923 0.008574
0.642828 0.222010 0.029000
0.087132 0.294169 0.084252
0.153446 0.146442 0.122895
0.481979 0.285902 0.113861
0.164528 0.333370 0.011994
0.273317 0.166284 0.065481
0.108447 0.135145 0.008364
0.108743 0.037261 0.042872
0.030695 0.246980 0.006282
0.280141 0.165467 0.147550
0.396989 0.401013 -0.015675
0.623654 0.051419 0.080232
0.632020 0.387404 0.153098
0.436682 0.078082 -0.005218
0.227893 0.077181 0.005487
0.086879 0.324334 0.015516
0.191513 0.412947 0.148111
0.028426 0.172092 0.152647
0.598674 0.202083 -0.012661
0.707175 0.635627 0.200590
0.598494 0.534639 0.248364
0.202639 0.123514 0.048891
0.072027 0.042331 0.015761
0.193352 0.025372 0.009225
0.488140 0.439796 -0.051423
0.470838 0.259238 -0.019457
0.279770 0.446801 -0.028328
0.608681 0.019286 0.013924
0.111409 0.028468 0.019933
0.605900 0.007893 -0.009460
0.431064 0.398458 -0.037369
0.119798 0.035729 0.007963
0.362798 0.110377 0.020056
0.072686 0.079008 0.176961
0.172990 0.141739 0.245192
0.139511 0.427066 0.031796
0.266889 0.262002 0.196498
0.212065 0.234776 0.017832
0.500772 0.300447 0.255626
0.702541 0.693529 -0.015876
0.323296 0.687076 0.242819
0.084848 0.314058 0.256555
0.411089 0.244613 0.099255
0.416092 0.245265 0.099506
0.529097 0.039978 0.062030
0.302670 0.044334 0.129604
0.089396 0.268800 0.350410
0.155728 0.427514 0.313715
0.070771 0.078925 0.044842
0.111194 0.451658 0.230791
0.153419 0.084172 0.026061
0.427692 0.248237 0.101407
0.085590 0.052029 0.023393
0.176912 0.060619 0.058688
0.320233 0.151858 0.212194
0.064564 0.066905 0.093549
0.254088 0.405804 0.342007
0.380458 0.378589 0.338095
0.064390 0.318784 0.167951
0.219318 0.464843 0.095355
0.048086 0.361326 0.084188
0.358229 0.089287 0.011392
0.074048 0.069094 0.163213
0.088376 0.050355 0.021484
0.086432 0.096548 0.030371
0.149329 0.128697 0.234508
0.093335 0.382670 0.013608
0.138026 0.466212 0.133058
0.261272 0.527629 0.019319
0.171027 0.214037 0.013035
0.172970 0.059014 0.068053
0.422566 0.249777 0.097955
0.604208 0.361519 0.142959
0.049010 0.390269 0.009760
0.416272 0.242646 0.096358
0.444176 0.261872 0.234042
0.629583 0.634640 -0.024744
0.360843 0.122553 0.008351
0.136112 0.514173 0.024468
0.307696 0.651727 0.234936
0.045347 0.272485 0.242303
0.320034 0.196569 0.077539
0.114527 0.067237 0.025482
0.471355 0.474836 -0.015363
0.306896 0.040157 0.014799
0.175825 0.045240 0.031081
0.682818 0.630313 -0.059232
0.091836 0.099259 0.222538
0.217736 0.178465 0.307950
0.175104 0.536940 0.039902
0.336237 0.329108 0.247680
0.267563 0.294850 0.022486
0.273314 0.093354 0.101152
0.629471 0.377568 0.321441
0.108101 0.394044 0.322801
0.519008 0.310296 0.124760
0.664515 0.050088 0.078347
0.379750 0.056321 0.163645
0.112752 0.337367 0.441520
0.194425 0.536858 0.395340
0.088632 0.099311 0.056235
0.141481 0.566760 0.291261
0.194789 0.105696 0.032971
0.108817 0.065477 0.029386
0.221699 0.076706 0.073907
0.401570 0.190658 0.267705
0.080721 0.084726 0.117624
0.320413 0.509768 0.429812
0.081787 0.092039 0.082048
0.478766 0.475804 0.424909
0.080489 0.399969 0.212112
0.274806 0.584817 0.119350
0.063370 0.453564 0.105608
0.449640 0.112386 0.014400
0.093244 0.087255 0.204595
0.109111 0.121176 0.038438
0.541945 0.315484 0.127840
0.188344 0.162394 0.294822
0.235157 0.138546 0.056674
0.172332 0.585878 0.167698
0.305792 0.292579 0.245397
0.353105 0.211711 0.085630
0.641397 0.211168 0.016357
0.331553 0.661632 0.024083
0.216039 0.269126 0.016949
0.218445 0.074254 0.085812
0.531115 0.314271 0.122960
0.062727 0.490162 0.012847
0.559275 0.328445 0.294687
0.452041 0.153913 0.011181
0.170035 0.645915 0.030769
0.057495 0.342210 0.303555
0.132053 0.079549 0.033614
0.592446 0.595810 -0.018311
0.509369 0.295499 0.116516
0.221861 0.057099 0.039087
0.507727 0.299926 0.116268
0.008639 0.009883 0.022100
0.153645 0.040225 0.009941
0.033355 0.033094 0.024623
0.096430 0.061245 0.023485
0.062651 0.037995 0.032127
0.040215 0.087195 0.030364
0.010717 0.039610 0.032206
0.012154 0.007543 0.003141
0.010110 0.006104 0.002638
0.009997 0.006030 0.002665
0.219625 0.132056 0.050870
0.012102 0.007228 0.003107
0.065981 0.005066 0.007628
0.037349 0.005596 0.016123
0.019424 0.054086 0.039392
0.008783 0.009911 0.005582
0.014243 0.057058 0.029016
0.019007 0.010594 0.003222
0.010304 0.006550 0.002817
0.021890 0.007667 0.007389
0.040263 0.019068 0.026444
0.007937 0.008379 0.011667
0.032027 0.051237 0.042765
0.008055 0.009107 0.008228
0.007500 0.040214 0.021215
0.027796 0.058646 0.011819
0.015089 0.008689 0.003922
0.152255 0.101979 0.049200
0.222222 0.089480 0.038153
0.105605 0.114630 0.042818
0.223078 0.088247 0.031153
0.142757 0.108315 0.017294
0.006026 0.045608 0.010670
0.008732 0.008680 0.020330
0.010751 0.006241 0.002760
0.010232 0.006247 0.002744
0.149575 0.039753 0.008847
0.018784 0.016100 0.029508
0.023664 0.013907 0.005687
0.017877 0.058892 0.016820
0.013753 0.008096 0.003445
0.235714 0.146154 0.055126
0.030968 0.029311 0.024469
0.022017 0.007381 0.008406
0.053217 0.031734 0.012222
0.076743 0.045664 0.017755
0.146156 0.047890 0.011571
0.010158 0.006256 0.002627
0.056204 0.033015 0.029320
0.127777 0.077488 0.030457
0.011392 0.006935 0.002758
0.038058 0.082759 0.029543
0.005838 0.034300 0.030244
0.013334 0.007982 0.003344
0.054288 0.033587 0.012946
0.221427 0.095357 0.023194
0.141439 0.127681 0.040024
0.040313 0.024697 0.009739
0.014638 0.008458 0.003152
0.010223 0.006089 0.002527
0.010828 0.006275 0.002493
0.022050 0.005703 0.003980
0.235090 0.144049 0.054143
0.010408 0.006210 0.002603
0.219366 0.133141 0.050516
0.010659 0.006100 0.002502
0.146342 0.158118 0.354689
0.346191 0.283364 0.489923
0.534897 0.522699 0.394674
0.425968 0.468255 0.036305
0.435117 0.148979 0.160732
0.171551 0.625712 0.513675
0.606274 0.088690 0.260689
0.141788 0.157894 0.089593
0.308572 0.168345 0.052750
0.171186 0.103884 0.046350
0.352339 0.121855 0.118205
0.637309 0.302342 0.426464
0.129819 0.134517 0.186549
0.130633 0.146065 0.130475
0.128176 0.635375 0.337305
0.148656 0.138661 0.326177
0.173269 0.192783 0.061058
0.299712 0.257812 0.469311
0.488020 0.464269 0.391442
0.560339 0.336622 0.135819
0.344586 0.426936 0.026655
0.347546 0.117867 0.136128
0.453164 0.269773 0.109449
0.089732 0.544187 0.484152
0.643118 0.391763 0.155849
0.613197 0.080745 0.029285
0.169471 0.099858 0.040143
0.353332 0.090913 0.062905
0.380537 0.113653 0.024919
0.170670 0.098502 0.040455
0.008475 0.011786 0.031439
0.165992 0.051554 0.017668
0.021437 0.021755 0.043603
0.013717 0.067661 0.007062
0.032904 0.041120 0.035709
0.028678 0.011568 0.014633
0.055853 0.042181 0.019615
0.065248 0.047245 0.046620
0.147479 0.018086 0.028450
0.035276 0.108852 0.045077
0.007323 0.048875 0.046031
0.012870 0.009566 0.004899
0.010239 0.007592 0.004041
0.233518 0.172036 0.080186
0.010571 0.007550 0.003990
0.012967 0.009029 0.004866
0.134610 0.041861 0.044055
0.040544 0.006880 0.023333
0.008159 0.041213 0.062586
0.008651 0.012391 0.008308
0.009961 0.070955 0.042353
0.020889 0.013302 0.005177
0.011138 0.008228 0.004267
0.023792 0.009478 0.010889
0.041700 0.023435 0.038508
0.007457 0.010248 0.016772
0.029627 0.063423 0.061865
0.008013 0.011382 0.011869
0.048265 0.059550 0.061332
0.004700 0.049872 0.030756
0.024698 0.073855 0.018688
0.015769 0.011188 0.005758
0.156250 0.127505 0.074171
0.236492 0.112647 0.059230
0.103457 0.142677 0.063603
0.236417 0.111507 0.048871
0.146723 0.136442 0.028676
0.008918 0.010269 0.028906
0.011576 0.007977 0.004217
0.227143 0.056475 0.017764
0.010911 0.015079 0.005946
0.010919 0.007790 0.004218
0.155564 0.116819 0.055244
0.137305 0.056853 0.011057
0.131425 0.060748 0.017132
0.013699 0.073614 0.025093
0.014270 0.010223 0.005222
0.243885 0.183682 0.084059
0.030075 0.036443 0.035325
0.163317 0.011940 0.003975
0.132140 0.058654 0.017118
0.022672 0.009296 0.012321
0.154027 0.050538 0.016616
0.010603 0.007919 0.004118
0.057318 0.041148 0.042482
0.135831 0.013653 0.024429
0.131563 0.097841 0.046223
0.012264 0.008545 0.004453
0.244322 0.184159 0.083710
0.034233 0.103189 0.043547
0.013546 0.010052 0.005212
0.199127 0.146697 0.069248
0.165005 0.042082 0.010469
0.171594 0.048400 0.010077
0.234959 0.120879 0.038005
0.142545 0.160254 0.061325
0.190339 0.121995 0.068952
0.120073 0.134157 0.073610
0.014967 0.010607 0.004879
0.053891 0.037280 0.017846
0.010626 0.007649 0.003836
0.179486 0.036557 0.021244
0.198264 0.039772 0.012918
0.011024 0.007897 0.003927
0.133589 0.005791 0.006081
0.023856 0.007217 0.005911
0.025540 0.009116 0.002752
0.011175 0.007654 0.003909
0.010905 0.007446 0.003482
0.010757 0.007630 0.003768
0.010560 0.014986 0.039532
0.027097 0.027452 0.055110
0.017271 0.085521 0.008919
0.199500 0.153660 0.072861
0.042073 0.051856 0.045248
0.223816 0.019757 0.007840
0.036500 0.014756 0.018524
0.082208 0.059804 0.058859
0.186130 0.022757 0.036034
0.044459 0.137401 0.057007
0.008929 0.061800 0.058234
0.016152 0.012131 0.006020
0.013493 0.009670 0.005149
0.013071 0.009618 0.005387
0.016154 0.011451 0.005988
0.275403 0.197835 0.092333
0.091700 0.008401 0.015070
0.169265 0.053049 0.055368
0.051660 0.008691 0.029326
0.010136 0.052085 0.078554
0.018413 0.084435 0.071446
0.011033 0.015418 0.010631
0.011384 0.089726 0.053385
0.014015 0.010314 0.005626
0.052515 0.029722 0.048511
0.009628 0.012972 0.021052
0.036829 0.079955 0.077539
0.009728 0.014307 0.015043
0.058822 0.075295 0.077247
0.005705 0.062949 0.038946
0.030744 0.093227 0.023437
0.198276 0.161096 0.093115
0.297486 0.142489 0.074995
0.130226 0.180707 0.081162
0.186902 0.172133 0.036106
0.221560 0.050219 0.006222
0.003019 0.071760 0.020013
0.011181 0.013036 0.036208
0.014543 0.010120 0.005331
0.274865 0.093490 0.027967
0.014005 0.019168 0.007447
0.013634 0.010043 0.005355
0.023365 0.024913 0.052343
0.172985 0.071784 0.013875
0.016032 0.093225 0.031532
0.018319 0.012766 0.006809
0.167202 0.074010 0.021372
0.037798 0.106121 0.006840
0.100938 0.072543 0.034474
0.196620 0.077358 0.024941
0.193946 0.064058 0.020725
0.072864 0.051906 0.054003
0.171177 0.017415 0.030928
0.015295 0.103119 0.007845
0.015223 0.010958 0.005253
0.042698 0.130321 0.055311
0.003124 0.053430 0.054256
0.017539 0.012517 0.006463
0.179535 0.202217 0.077125
0.239054 0.154449 0.087018
0.151813 0.169377 0.093074
0.013903 0.009603 0.005078
0.226767 0.046293 0.027107
0.013950 0.009934 0.004958
0.168672 0.007505 0.007457
0.032781 0.011510 0.003405
0.066659 0.046425 0.022039
0.013968 0.009422 0.004548
0.014074 0.009725 0.004742
0.275749 0.198978 0.092561
0.077534 0.028308 0.007184
0.013437 0.018967 0.049823
0.263325 0.082199 0.027919
0.033913 0.034545 0.069340
0.022183 0.107855 0.011241
0.053024 0.065430 0.056937
0.045567 0.018591 0.023165
0.103296 0.075222 0.073895
0.140988 0.176652 0.001033
0.234342 0.028691 0.045422
0.046215 0.035715 0.017378
0.055976 0.172851 0.071869
0.011455 0.077725 0.073177
0.020670 0.015170 0.007681
0.017174 0.012155 0.006394
0.369622 0.273520 0.126847
0.016890 0.012120 0.006503
0.115360 0.010681 0.018997
0.211971 0.066918 0.069671
0.065233 0.010770 0.037345
0.012339 0.065720 0.099274
0.024388 0.106446 0.090109
0.014127 0.019553 0.013101
0.014275 0.113231 0.066717
0.032683 0.021278 0.008137
0.017415 0.013086 0.006836
0.037450 0.015187 0.017246
0.066957 0.037302 0.060831
0.046757 0.100777 0.098048
0.012605 0.018021 0.018764
0.075483 0.094539 0.097466
0.007682 0.079323 0.048780
0.039046 0.117630 0.029389
0.248669 0.203010 0.117113
0.374970 0.179721 0.093940
0.165087 0.227454 0.102042
0.375552 0.177442 0.077861
0.232879 0.217101 0.045458
0.003498 0.090605 0.025393
0.014174 0.016569 0.045688
0.377445 0.278814 0.129105
0.018076 0.012636 0.006528
0.346827 0.117745 0.034778
0.359680 0.089784 0.027887
0.016832 0.024233 0.009307
0.017547 0.012498 0.006600
0.029452 0.031291 0.065917
0.012756 0.096352 0.006047
0.038484 0.027892 0.013594
0.020780 0.117232 0.039752
0.048680 0.057722 0.056121
0.259528 0.019027 0.006059
0.047538 0.133785 0.008665
0.036813 0.014667 0.019732
0.088701 0.063134 0.029983
0.244422 0.080538 0.026197
0.017042 0.012637 0.006640
0.091322 0.065604 0.067685
0.020369 0.129667 0.009883
0.019391 0.013709 0.006878
0.053347 0.163832 0.069713
0.003772 0.067393 0.068707
0.260936 0.067302 0.016766
0.272687 0.076916 0.016046
0.373484 0.192288 0.060352
0.226141 0.254820 0.097083
0.189565 0.213668 0.116948
0.067066 0.049434 0.023562
0.023656 0.016893 0.007899
0.017437 0.012190 0.006027
0.067263 0.010601 0.005173
0.315166 0.063405 0.020243
0.017893 0.012535 0.006080
0.037929 0.011532 0.009623
0.386614 0.287878 0.132270
0.017800 0.012492 0.006224
0.017498 0.011882 0.005572
0.017628 0.012204 0.006094
0.027069 0.037669 0.099840
0.525418 0.163777 0.056388
0.068167 0.069024 0.138947
0.043597 0.215022 0.022337
0.502302 0.385262 0.181985
0.105202 0.130107 0.113514
0.561347 0.049759 0.019591
0.391650 0.027327 -0.001313
0.315656 0.243958 0.113635
0.084040 0.118385 0.013353
0.091949 0.037067 0.046691
0.206000 0.149819 0.148376
0.281480 0.352536 0.001656
0.467731 0.057562 0.091046
0.092336 0.071234 0.034711
0.111244 0.344762 0.143388
0.648301 0.268522 -0.030341
0.022626 0.155031 0.146375
0.170285 0.122678 0.059784
0.175041 0.128593 0.061668
0.230763 0.021154 0.038182
0.424088 0.133195 0.139024
0.130245 0.021897 0.074203
0.025269 0.131106 0.198018
0.046413 0.212158 0.179245
0.027364 0.039307 0.026151
0.028751 0.225089 0.133579
0.064331 0.042469 0.016329
0.034530 0.026197 0.013814
0.132323 0.074730 0.121961
0.024612 0.032887 0.052662
0.091734 0.201328 0.194841
0.024496 0.036261 0.037276
0.148522 0.188435 0.193658
0.013638 0.158084 0.097446
0.076982 0.234242 0.058519
0.495667 0.404248 0.234017
0.329369 0.452647 0.202837
0.465996 0.431894 0.091019
0.556765 0.125728 0.014866
0.515555 0.153032 0.052801
0.007178 0.180652 0.050169
0.027787 0.032920 0.091734
0.690103 0.234666 0.069688
0.034135 0.048296 0.018130
0.034084 0.025061 0.013160
0.512882 0.161521 0.050516
0.058197 0.062476 0.132818
0.025812 0.192393 0.011761
0.491217 0.369468 0.176839
0.435344 0.180565 0.034770
0.040651 0.233125 0.079605
0.096772 0.115446 0.112062
0.359028 0.008501 -0.004264
0.218435 0.085993 0.012033
0.094939 0.265893 0.017001
0.066552 0.107900 0.010471
0.073578 0.029369 0.039320
0.647722 0.345504 -0.039252
0.493485 0.194139 0.062565
0.487029 0.160590 0.052661
0.005719 0.195947 0.009234
0.183502 0.130561 0.135172
0.252415 0.321966 -0.004314
0.431665 0.043397 0.078500
0.300232 0.064778 0.000739
0.153825 0.062802 0.008291
0.038629 0.258770 0.019109
0.105873 0.326762 0.138712
0.599957 0.248517 -0.032271
0.007003 0.134066 0.137882
0.628973 0.464952 0.218967
0.524223 0.133809 0.033253
0.545018 0.153707 0.031749
0.405244 0.164534 -0.001739
0.449450 0.507240 0.194053
0.600154 0.387371 0.217485
0.380120 0.424612 0.233226
0.133325 0.098901 0.047190
0.047260 0.033975 0.015444
0.189749 0.240697 -0.001347
0.169094 0.118456 0.056181
0.133054 0.021281 0.010414
0.569829 0.116055 0.067863
0.627352 0.126720 0.041017
0.312958 0.209612 -0.008734
0.165803 0.357870 -0.015702
0.425104 0.018540 0.018807
0.075508 0.022856 0.018768
0.422993 0.010143 -0.001972
0.632393 0.383040 -0.047638
0.035341 0.024674 0.012209
0.692032 0.497327 0.231641
0.196727 0.071543 0.018296
0.034253 0.047948 0.126410
0.664899 0.207445 0.071302
0.086254 0.087406 0.175874
0.055558 0.272052 0.028250
0.634936 0.487316 0.230957
0.133325 0.165020 0.144128
0.495357 0.034804 -0.001790
0.398645 0.308213 0.143818
0.106444 0.149596 0.016825
0.116252 0.046954 0.059183
0.260792 0.190159 0.187392
0.356503 0.445185 0.002276
0.592175 0.072526 0.115374
0.116481 0.090290 0.043820
0.141961 0.435441 0.181394
0.028401 0.196385 0.185258
0.042238 0.030550 0.016284
0.051022 0.036844 0.019074
0.537201 0.168743 0.175611
0.165142 0.027460 0.094654
0.031894 0.166663 0.250491
0.060234 0.268511 0.226405
0.034684 0.049636 0.032622
0.036486 0.284560 0.169324
0.081484 0.053637 0.020684
0.044183 0.033010 0.017260
0.093986 0.038449 0.043578
0.167543 0.094430 0.154186
0.031042 0.041446 0.066886
0.117447 0.253895 0.247895
0.031627 0.045862 0.047362
0.189432 0.238375 0.246053
0.017157 0.200903 0.123400
0.097555 0.296053 0.074392
0.627597 0.511007 0.296637
0.416308 0.572400 0.257268
0.589482 0.546536 0.115398
0.651833 0.194031 0.066454
0.007851 0.229377 0.063355
0.194094 0.058449 0.011832
0.035979 0.041365 0.116798
0.045738 0.032217 0.016194
0.043383 0.061070 0.023435
0.649025 0.204440 0.063668
0.073866 0.079024 0.168097
0.032937 0.243455 0.014674
0.622021 0.468000 0.224547
0.052279 0.295420 0.100707
0.121977 0.145642 0.142058
0.655284 0.047792 0.015423
0.454754 0.010903 -0.005508
0.399865 0.288736 0.139016
0.275529 0.108901 0.015333
0.531445 0.235743 0.067946
0.119425 0.336732 0.021274
0.085118 0.136487 0.013088
0.317567 0.231010 0.110112
0.625274 0.245661 0.079382
0.614687 0.203596 0.066355
0.007958 0.248371 0.011942
0.231011 0.165626 0.171772
0.319218 0.406732 -0.005310
0.545495 0.054765 0.098885
0.118788 0.085973 0.041951
0.526770 0.391274 0.186510
0.380512 0.082166 0.001157
0.194566 0.079437 0.010487
0.049630 0.327208 0.024396
0.133973 0.413450 0.175400
0.008768 0.169873 0.173945
0.054793 0.040127 0.020195
0.661135 0.169752 0.042292
0.687230 0.194545 0.040918
0.513898 0.208094 -0.002532
0.570677 0.640305 0.245393
0.480665 0.536800 0.295453
0.456421 0.330317 0.157658
0.239090 0.304353 -0.001258
0.169161 0.026824 0.013015
0.635927 0.009151 -0.016043
0.398188 0.447751 -0.043138
0.397055 0.264993 -0.010833
0.211110 0.452308 -0.019979
0.537233 0.023808 0.024000
0.095299 0.029277 0.024111
0.351642 0.405780 -0.029051
0.103158 0.036710 0.011074
0.310429 0.112902 0.028977
0.054158 0.075689 0.199183
0.136398 0.137755 0.277476
0.087620 0.427880 0.044848
0.209996 0.260092 0.226791
0.167261 0.236208 0.026820
0.183453 0.074113 0.093547
0.411453 0.298892 0.296360
0.183826 0.141972 0.069595
0.224884 0.684878 0.286808
0.044866 0.309135 0.292454
0.066902 0.048353 0.025914
0.081284 0.058110 0.029978
0.459103 0.042814 0.076586
0.260227 0.043943 0.148691
0.050644 0.261731 0.396260
0.095478 0.422155 0.358676
0.054583 0.078233 0.052283
0.058181 0.447764 0.266451
0.128099 0.084931 0.032235
0.070229 0.051860 0.027695
0.149440 0.060667 0.068666
0.264807 0.149451 0.243087
0.049176 0.065513 0.105812
0.183240 0.400971 0.389247
0.050574 0.072219 0.074784
0.297603 0.374678 0.388137
0.027518 0.315738 0.194347
0.153936 0.465419 0.117040
0.012533 0.360191 0.100493
0.307166 0.091962 0.018752
0.056397 0.066030 0.182937
0.067355 0.096493 0.036570
0.358255 0.252577 0.123193
0.117640 0.124525 0.264514
0.051016 0.383641 0.023114
0.080867 0.464675 0.158903
0.090790 0.064736 0.032673
0.192092 0.230399 0.223906
0.630509 0.454530 0.219364
0.435538 0.171371 0.023962
0.187395 0.529763 0.034412
0.133712 0.215409 0.020167
0.145018 0.058674 0.078588
0.499340 0.363548 0.173470
0.011407 0.390510 0.018670
0.345307 0.243541 0.117096
0.068073 0.050525 0.025858
0.365912 0.260336 0.270984
0.504294 0.640974 -0.008201
0.597166 0.129151 0.001650
0.307043 0.125097 0.016453
0.077822 0.515100 0.038458
0.076570 0.054942 0.027275
0.213731 0.649698 0.277152
0.013382 0.267616 0.275027
0.376990 0.478859 -0.002095
0.266736 0.042394 0.020794
0.628839 0.704017 -0.067991
0.626211 0.416144 -0.017239
0.150828 0.045941 0.037641
0.550403 0.638032 -0.045613
0.358817 0.260578 0.123334
0.068767 0.095359 0.251270
0.171811 0.174074 0.349905
0.111202 0.539482 0.056525
0.265635 0.327783 0.286666
0.211979 0.297829 0.033788
0.232091 0.093697 0.118109
0.449249 0.336328 0.157585
0.519978 0.376771 0.373842
0.232578 0.179407 0.087990
0.057600 0.389304 0.368867
0.103218 0.076824 0.038482
0.434917 0.310236 0.151764
0.441623 0.324045 0.155814
0.581566 0.053456 0.096358
0.328303 0.054958 0.188021
0.062887 0.329210 0.500148
0.119473 0.531662 0.452980
0.068129 0.099198 0.065520
0.073525 0.564607 0.336463
0.091150 0.066195 0.035028
0.187578 0.076770 0.087205
0.334611 0.188393 0.306893
0.062519 0.082646 0.133922
0.232859 0.504513 0.493672
0.062988 0.091535 0.094563
0.377394 0.473072 0.490108
0.034883 0.398214 0.245453
0.194615 0.587664 0.147391
0.126493 0.089287 0.046000
0.018110 0.453461 0.127021
0.447999 0.329882 0.158658
0.071517 0.083343 0.231475
0.086351 0.121913 0.046237
0.147863 0.157686 0.334097
0.064505 0.483803 0.029320
0.103554 0.586022 0.200258
0.114823 0.081549 0.041353
0.241560 0.290200 0.283272
0.548372 0.216541 0.030148
0.237896 0.666959 0.042877
0.169022 0.271776 0.026481
0.184697 0.074466 0.099974
0.441290 0.317002 0.150265
0.631342 0.458197 0.219913
0.015442 0.492553 0.023663
0.435187 0.307188 0.147608
0.461706 0.327575 0.341630
0.236661 0.170988 0.083675
0.388670 0.157830 0.020862
0.097523 0.649620 0.048939
0.017983 0.337077 0.346872
0.334008 0.248686 0.118837
0.119561 0.085341 0.038691
0.477442 0.603455 -0.002358
0.423719 0.298175 0.141777
0.190702 0.058215 0.047701
0.006725 0.009451 0.024927
0.131727 0.041120 0.013880
0.026340 0.032763 0.028359
0.079375 0.061266 0.028520
0.022956 0.009299 0.011646
0.051497 0.037645 0.037187
0.117479 0.014419 0.022666
0.023029 0.017800 0.008681
0.027631 0.086667 0.035705
0.005540 0.038889 0.036448
0.010018 0.007543 0.003735
0.008407 0.006099 0.003275
0.008073 0.006121 0.003203
0.009989 0.007298 0.003818
0.057403 0.005377 0.009430
0.106549 0.033411 0.034915
0.032379 0.005471 0.018711
0.006594 0.032836 0.049527
0.012040 0.053034 0.044934
0.006897 0.009852 0.006523
0.007897 0.056333 0.033466
0.015989 0.010618 0.004221
0.008569 0.006593 0.003473
0.018771 0.007575 0.008683
0.033313 0.018722 0.030410
0.005875 0.008182 0.013195
0.023621 0.050098 0.048961
0.006409 0.009077 0.009402
0.037919 0.047277 0.048559
0.003665 0.039907 0.024381
0.012850 0.008841 0.004750
0.124707 0.101570 0.058688
0.187555 0.090157 0.046994
0.083150 0.113951 0.051149
0.117318 0.108595 0.022838
0.130062 0.038397 0.013033
0.007193 0.008261 0.022681
0.009207 0.006301 0.003329
0.173550 0.059138 0.017589
0.008686 0.012157 0.004627
0.008747 0.006272 0.003352
0.014676 0.015626 0.033136
0.019929 0.013839 0.006987
0.109669 0.045239 0.008998
0.105782 0.048164 0.013584
0.010243 0.058445 0.020032
0.011422 0.008079 0.004186
0.193981 0.146244 0.066904
0.024432 0.028855 0.027974
0.018321 0.007412 0.009869
0.124338 0.048697 0.015819
0.122059 0.040312 0.013086
0.008284 0.006402 0.003239
0.046665 0.032751 0.033925
0.107629 0.010988 0.019462
0.023630 0.016967 0.008411
0.104653 0.077868 0.036844
0.009459 0.006900 0.003540
0.011228 0.007857 0.004072
0.158797 0.117074 0.054323
0.131489 0.033609 0.008215
0.113305 0.127364 0.048362
0.150672 0.097576 0.054199
0.095229 0.106946 0.058445
0.033099 0.024885 0.011978
0.012320 0.008439 0.003942
0.142698 0.029095 0.017074
0.009022 0.006230 0.003153
0.106330 0.004690 0.004523
0.018614 0.005666 0.004712
0.041638 0.029402 0.013893
0.193103 0.144290 0.066226
0.043208 0.031346 0.014662
0.008554 0.005974 0.002729
0.041611 0.030271 0.014107
0.008661 0.006086 0.002881
0.174298 0.125286 0.057851
0.621353 0.225887 0.058868
0.109034 0.151386 0.399020
0.272416 0.275466 0.554915
0.421263 0.518788 0.455621
0.336483 0.471369 0.054282
0.367852 0.148892 0.187182
0.712104 0.532711 0.250464
0.368838 0.283997 0.139328
0.090918 0.616473 0.584878
0.684399 0.494157 0.241213
0.133966 0.097089 0.052117
0.690959 0.491420 0.241740
0.703216 0.512851 0.248456
0.521204 0.087306 0.299795
0.109373 0.157048 0.104630
0.257027 0.169793 0.065375
0.710060 0.498427 0.246746
0.141291 0.103762 0.054815
0.297788 0.121586 0.138134
0.531690 0.298062 0.488689
0.098378 0.131501 0.212493
0.100324 0.144838 0.150031
0.054931 0.629550 0.388844
0.199770 0.141742 0.073052
0.614639 0.184236 0.038102
0.113211 0.132560 0.367294
0.136476 0.192817 0.073773
0.234244 0.249689 0.530641
0.385170 0.459284 0.449642
0.464478 0.338330 0.164143
0.268147 0.430012 0.041397
0.292939 0.117845 0.157967
0.699852 0.501700 0.238390
0.690990 0.486570 0.234906
0.374558 0.271031 0.132723
0.613175 0.250580 0.033227
0.026495 0.534296 0.550791
0.173394 0.127159 0.064643
0.530327 0.394286 0.187720
0.671941 0.472038 0.225781
0.534534 0.084806 0.041510
0.324369 0.116111 0.034744
0.665125 0.466440 0.223779
0.040601 0.041380 0.032156
0.199655 0.014333 0.003628
0.118742 0.076813 0.031074
0.077833 0.047455 0.042013
0.049047 0.109513 0.040128
0.015279 0.009528 0.004255
0.012695 0.007617 0.003521
0.012446 0.007694 0.003631
0.015090 0.009067 0.004250
0.082351 0.006274 0.010442
0.154938 0.041705 0.038649
0.046553 0.007003 0.021132
0.013158 0.042298 0.057450
0.023626 0.067654 0.051562
0.010957 0.012424 0.007522
0.016840 0.071616 0.038102
0.024061 0.013268 0.004314
0.013263 0.008210 0.004010
0.027214 0.009649 0.009682
0.049080 0.023890 0.034840
0.009562 0.010501 0.015265
0.039222 0.064243 0.056241
0.010383 0.011476 0.010778
0.059181 0.060129 0.055648
0.009131 0.050387 0.027746
0.033125 0.074160 0.016007
0.018377 0.011212 0.005094
0.274714 0.112098 0.051072
0.128156 0.143446 0.056404
0.275242 0.110526 0.041534
0.176399 0.135992 0.022967
0.007629 0.057165 0.014132
0.013304 0.007903 0.003690
0.013674 0.015117 0.005200
0.012619 0.007869 0.003491
0.028850 0.017361 0.007416
0.152128 0.059965 0.013656
0.020758 0.074191 0.022033
0.016876 0.010168 0.004492
0.037597 0.036761 0.032111
0.026878 0.009329 0.011257
0.012854 0.007931 0.003588
0.154133 0.013096 0.021003
0.014624 0.008630 0.003829
0.047016 0.103709 0.038964
0.016252 0.010051 0.004541
0.195890 0.047300 0.006869
0.273564 0.119986 0.031244
0.173244 0.160618 0.053063
0.146523 0.134404 0.065040
0.134449 0.082601 0.033790
0.017879 0.010577 0.004580
0.012690 0.007660 0.003276
0.205070 0.035308 0.017245
0.225383 0.038628 0.009318
0.013018 0.007841 0.003422
0.150268 0.004855 0.004288
0.027783 0.007137 0.005113
0.012606 0.007749 0.003368
0.012532 0.007376 0.003089
0.012920 0.007642 0.003297
0.358591 0.226839 0.090674
0.033025 0.027870 0.050103
0.025999 0.085026 0.006861
0.235657 0.152256 0.063203
0.209876 0.021751 0.031082
0.061221 0.137072 0.050212
0.016015 0.062174 0.052680
0.018919 0.011987 0.005248
0.016145 0.009681 0.004438
0.015819 0.009629 0.004609
0.018949 0.011480 0.005198
0.325005 0.195561 0.079347
0.103435 0.007854 0.012800
0.058910 0.008674 0.026485
0.017103 0.052767 0.072017
0.028950 0.084778 0.064585
0.020994 0.089774 0.047743
0.016432 0.010432 0.004946
0.062182 0.029904 0.043804
0.012324 0.013169 0.019213
0.049429 0.080484 0.069863
0.012525 0.014256 0.013512
0.012460 0.063053 0.034975
0.042027 0.092671 0.020073
0.023926 0.013918 0.006331
0.345739 0.140314 0.064335
0.162217 0.179394 0.071190
0.009158 0.071851 0.017539
0.014318 0.013378 0.033185
0.016867 0.009998 0.004533
0.314947 0.090911 0.021550
0.322382 0.068749 0.016463
0.016754 0.019008 0.006373
0.016553 0.009872 0.004576
0.028903 0.025210 0.047821
0.198246 0.070130 0.010067
0.025112 0.092832 0.027823
0.021302 0.012616 0.005738
0.047175 0.046072 0.040306
0.230310 0.013423 0.002183
0.033943 0.011539 0.014008
0.082006 0.049607 0.020515
0.016059 0.010050 0.004611
0.193530 0.016222 0.026761
0.025996 0.102599 0.005787
0.018547 0.010821 0.004970
0.058851 0.130008 0.048571
0.009285 0.053735 0.049608
0.021117 0.012490 0.005681
0.343129 0.150097 0.039153
0.216807 0.201057 0.066717
0.279850 0.153100 0.075357
0.183984 0.168512 0.082179
0.022602 0.013241 0.005413
0.016436 0.009514 0.004346
0.017105 0.009865 0.004303
0.034428 0.009006 0.006571
0.078205 0.046202 0.019165
0.016479 0.009719 0.004387
0.016161 0.009363 0.003913
0.016177 0.009662 0.004096
0.324817 0.197093 0.079388
0.017379 0.019570 0.045920
0.300911 0.080377 0.022076
0.041787 0.035232 0.063482
0.033348 0.107922 0.008723
0.065483 0.065811 0.051249
0.317346 0.022679 0.005815
0.052959 0.018615 0.020825
0.122904 0.075530 0.066455
0.265861 0.027440 0.039307
0.077544 0.173503 0.063841
0.019939 0.078659 0.066731
0.020015 0.012221 0.005684
0.019931 0.012115 0.005904
0.024195 0.014432 0.006778
0.130961 0.010054 0.016329
0.245202 0.066176 0.061517
0.074404 0.011089 0.033928
0.021350 0.066826 0.091423
0.037614 0.107458 0.082041
0.017221 0.019726 0.011733
0.026564 0.113714 0.060201
0.037886 0.021081 0.007093
0.021098 0.013183 0.006201
0.078645 0.037696 0.055421
0.015382 0.016673 0.024224
0.062715 0.101876 0.089114
0.015935 0.018214 0.017092
0.093854 0.095215 0.088547
0.015142 0.080120 0.044033
0.053461 0.117509 0.025624
0.029405 0.017643 0.007897
0.295360 0.203368 0.103358
0.434852 0.178308 0.080980
0.203603 0.227402 0.089659
0.435939 0.175577 0.066082
0.279565 0.215865 0.036876
0.010975 0.090959 0.022268
0.021595 0.012600 0.005777
0.021027 0.024207 0.008060
0.020427 0.012491 0.005743
0.036241 0.031930 0.060852
0.033327 0.117231 0.035284
0.026889 0.016110 0.007141
0.060020 0.058436 0.050673
0.064321 0.133105 0.005910
0.032671 0.129773 0.007201
0.023675 0.013643 0.005991
0.073886 0.164618 0.061853
0.010403 0.068362 0.062876
0.026141 0.015765 0.007117
0.374069 0.232885 0.095242
0.312321 0.074971 0.010940
0.434171 0.190571 0.049592
0.275581 0.254497 0.084245
0.354789 0.193886 0.095486
0.232133 0.213679 0.103751
0.214125 0.130563 0.054023
0.028450 0.016860 0.006794
0.020020 0.012221 0.005265
0.324088 0.056310 0.027838
0.358389 0.061084 0.014766
0.020811 0.012498 0.005369
0.239385 0.007691 0.006207
0.020944 0.012335 0.005320
0.444624 0.276685 0.110829
0.020517 0.011839 0.004940
0.020208 0.012202 0.005287
0.034926 0.038848 0.091645
0.599639 0.159841 0.044332
0.084025 0.070274 0.126705
0.066397 0.214291 0.017440
0.594244 0.383057 0.158247
0.129776 0.130486 0.102059
0.439048 0.024104 -0.005687
0.373794 0.242273 0.098799
0.103732 0.117539 0.009914
0.106448 0.036937 0.041712
0.244832 0.149884 0.133071
0.341768 0.349261 -0.005908
0.528250 0.055000 0.078511
0.154314 0.344709 0.126988
0.040386 0.156370 0.133063
0.039952 0.024233 0.011516
0.202295 0.122004 0.052148
0.047661 0.029011 0.013186
0.259831 0.020085 0.032691
0.485805 0.131753 0.122996
0.148742 0.021958 0.067284
0.042353 0.133710 0.181065
0.072903 0.213593 0.163109
0.034076 0.039515 0.023379
0.053304 0.226079 0.120043
0.041347 0.025978 0.012099
0.086890 0.030388 0.030776
0.156494 0.075364 0.110444
0.030918 0.033405 0.048233
0.123255 0.202887 0.177149
0.031675 0.036373 0.033722
0.184905 0.189594 0.174937
0.029920 0.159066 0.087696
0.105554 0.233434 0.050486
0.589217 0.403279 0.206076
0.406160 0.451894 0.178494
0.557543 0.427772 0.073852
0.588712 0.148929 0.041727
0.022133 0.180839 0.044359
0.175376 0.045023 0.006583
0.036209 0.034165 0.083855
0.042221 0.025251 0.011337
0.041874 0.048099 0.015972
0.587117 0.157689 0.038974
0.072580 0.063708 0.120951
0.044646 0.191427 0.007886
0.580369 0.367352 0.153927
0.091631 0.054940 0.023699
0.499577 0.177001 0.025533
0.064830 0.233660 0.070094
0.053435 0.032211 0.014175
0.118936 0.115959 0.101131
0.581751 0.033617 0.005252
0.126205 0.265150 0.011272
0.083804 0.107255 0.007299
0.568690 0.190647 0.049783
0.022666 0.195431 0.006208
0.216796 0.130511 0.121828
0.305882 0.319043 -0.010492
0.176636 0.061602 0.005224
0.064489 0.258389 0.013841
0.147021 0.326701 0.123009
0.688362 0.242752 -0.039470
0.021029 0.135375 0.125437
0.620616 0.149279 0.021897
0.465667 0.160703 -0.008154
0.546730 0.504663 0.167176
0.705146 0.384836 0.189907
0.462363 0.423296 0.206568
0.230286 0.238427 -0.006149
0.150913 0.020293 0.007977
0.645483 0.112076 0.055832
0.367470 0.206347 -0.014195
0.214299 0.355239 -0.021083
0.476007 0.015487 0.012703
0.093240 0.028262 0.006682
0.196688 0.116328 0.048209
0.106489 0.088780 0.159887
0.084015 0.270583 0.022025
0.164410 0.164734 0.129225
0.554009 0.030676 -0.007204
0.470620 0.305713 0.124712
0.130644 0.148123 0.012444
0.134480 0.046660 0.052673
0.308785 0.189809 0.167749
0.431977 0.440187 -0.007581
0.668100 0.069137 0.099365
0.137724 0.089468 0.038059
0.195804 0.434815 0.160289
0.050406 0.197851 0.167995
0.255971 0.155737 0.066070
0.328631 0.025194 0.041447
0.615240 0.166629 0.155243
0.187711 0.027599 0.085810
0.053691 0.169328 0.228998
0.092831 0.269600 0.206021
0.043166 0.049712 0.029475
0.067081 0.285300 0.151807
0.095454 0.053165 0.017529
0.054433 0.033214 0.015144
0.197582 0.094808 0.139797
0.039747 0.042150 0.060902
0.155902 0.255602 0.223548
0.039574 0.045904 0.042538
0.234807 0.239119 0.221527
0.037338 0.201478 0.110889
0.133661 0.295002 0.063558
0.512912 0.569447 0.225479
0.701242 0.540518 0.093251
0.028107 0.228853 0.055718
0.045511 0.042902 0.106317
0.054338 0.031883 0.014108
0.053311 0.060641 0.020347
0.091793 0.080631 0.153374
0.056257 0.241867 0.009888
0.116273 0.069353 0.030059
0.631228 0.223320 0.032707
0.606863 0.238632 0.054498
0.082418 0.294851 0.088561
0.149635 0.146523 0.127583
0.471736 0.285895 0.120030
0.173995 0.106287 0.045157
0.317497 0.106446 0.009787
0.611312 0.230960 0.053869
0.160419 0.334239 0.014439
0.105778 0.135553 0.009411
0.107825 0.037082 0.044744
0.261819 0.157732 0.065490
0.027964 0.247116 0.007824
0.271952 0.165365 0.153715
0.386975 0.402073 -0.013138
0.613706 0.051315 0.084644
0.430501 0.078544 -0.004051
0.080995 0.325778 0.017600
0.185163 0.412391 0.155025
0.026799 0.171440 0.158571
0.064638 0.039809 0.017756
0.587883 0.203169 -0.010312
0.690255 0.635915 0.211502
0.582638 0.534729 0.260846
0.198153 0.124045 0.051466
0.479688 0.441578 -0.049905
0.462530 0.260671 -0.017608
0.270295 0.448209 -0.026667
0.600337 0.019614 0.016100
0.422069 0.400027 -0.035744
0.117191 0.036007 0.008610
0.070475 0.078320 0.183678
0.168504 0.140908 0.254423
0.132935 0.428720 0.034985
0.260431 0.261868 0.204979
0.207006 0.235543 0.020041
0.213323 0.074114 0.083973
0.490498 0.300306 0.267068
0.686495 0.696924 -0.011717
0.311175 0.688570 0.255189
0.080465 0.313680 0.267179
0.521250 0.040348 0.066331
0.297366 0.044028 0.135491
0.084977 0.267763 0.363522
0.146226 0.427167 0.326882
0.068291 0.078992 0.046856
0.105890 0.452494 0.241395
0.151359 0.084600 0.027781
0.173386 0.060893 0.061483
0.313292 0.151349 0.220606
0.062466 0.066836 0.097232
0.245337 0.405518 0.355620
0.062795 0.072984 0.067465
0.372191 0.378657 0.352068
0.059485 0.319665 0.176313
0.210789 0.468141 0.101534
0.044234 0.362926 0.088460
0.084206 0.097183 0.031784
0.146187 0.127886 0.243353
0.087840 0.384124 0.015699
0.131576 0.468344 0.140556
0.107455 0.064668 0.028799
0.238594 0.232657 0.203029
0.275666 0.168934 0.071662
0.501747 0.169057 0.015571
0.253003 0.530863 0.023003
0.169924 0.058632 0.070924
0.592901 0.362807 0.151031
0.045484 0.392141 0.012012
0.433991 0.261862 0.245069
0.614713 0.637267 -0.021455
0.680123 0.124911 -0.006101
0.129377 0.517066 0.028078
0.091715 0.054844 0.023418
0.294415 0.652894 0.246592
0.041237 0.272046 0.251636
0.103270 0.063613 0.028075
0.314447 0.196928 0.081544
0.462615 0.476899 -0.012368
0.303241 0.040418 0.015907
0.174049 0.045304 0.033051
0.667540 0.633693 -0.056848
0.089473 0.098237 0.230731
0.212590 0.177187 0.319616
0.167942 0.538701 0.044115
0.328270 0.329013 0.258138
0.261466 0.295966 0.025185
0.269155 0.093269 0.105808
0.531672 0.334765 0.137083
0.618117 0.377530 0.335911
0.275564 0.178501 0.076597
0.101884 0.393567 0.336022
0.523764 0.322365 0.136032
0.655127 0.050636 0.083201
0.373346 0.055612 0.170731
0.106899 0.336101 0.457089
0.184471 0.536658 0.410635
0.086438 0.099541 0.059153
0.133354 0.567901 0.303389
0.106222 0.065602 0.030662
0.393400 0.189916 0.278750
0.078686 0.084183 0.122173
0.309100 0.509073 0.447668
0.466803 0.475371 0.443320
0.075262 0.400444 0.221351
0.265873 0.586764 0.126276
0.148538 0.088966 0.039851
0.057255 0.454769 0.111770
0.530407 0.328721 0.137970
0.442978 0.113282 0.016718
0.091021 0.086474 0.211927
0.108621 0.063760 0.028357
0.106003 0.121778 0.040470
0.104020 0.063232 0.029352
0.184054 0.160790 0.305775
0.111884 0.482179 0.020219
0.164769 0.587163 0.176681
0.298718 0.292798 0.255234
0.319873 0.664340 0.028509
0.211675 0.270542 0.018789
0.214466 0.074039 0.089625
0.521853 0.315223 0.129838
0.056939 0.492067 0.015613
0.512362 0.305936 0.128690
0.546938 0.329169 0.307492
0.051879 0.341669 0.316352
0.129925 0.079743 0.035647
0.394747 0.248151 0.103547
0.580025 0.599014 -0.015028
0.381317 0.051029 0.020387
0.102124 0.059589 0.024370
0.020798 0.017743 0.031925
0.150545 0.097275 0.040100
0.032707 0.033109 0.025740
0.094769 0.061442 0.025007
0.134093 0.013896 0.019783
0.027478 0.017874 0.007628
0.038810 0.087541 0.032012
0.011980 0.007577 0.003319
0.009940 0.006164 0.002820
0.220209 0.137543 0.055503
0.010082 0.006076 0.002817
0.011976 0.007261 0.003327
0.123621 0.033372 0.030789
0.037798 0.005433 0.017002
0.010990 0.033729 0.045837
0.019092 0.053822 0.041337
0.008395 0.009943 0.005982
0.019080 0.010618 0.003581
0.010282 0.006563 0.003087
0.021696 0.007698 0.007921
0.039787 0.019069 0.027811
0.007645 0.008420 0.012218
0.030999 0.051230 0.045056
0.008029 0.009126 0.008629
0.047562 0.047820 0.044524
0.007486 0.040453 0.022160
0.026894 0.058995 0.012784
0.015146 0.008902 0.004159
0.221190 0.089442 0.040932
0.103463 0.114800 0.045484
0.139882 0.108737 0.018958
0.149599 0.037587 0.010440
0.005826 0.045670 0.011349
0.214213 0.128289 0.051927
0.009323 0.008563 0.021086
0.010448 0.006358 0.002842
0.010795 0.012184 0.004188
0.009977 0.006266 0.002844
0.127007 0.044725 0.006581
0.122049 0.047848 0.010879
0.013677 0.008012 0.003675
0.030471 0.029408 0.025425
0.214140 0.128640 0.052173
0.009902 0.006351 0.002919
0.054985 0.033107 0.030595
0.011270 0.006871 0.002960
0.037441 0.083038 0.031100
0.005690 0.034245 0.031657
0.012765 0.007926 0.003695
0.150886 0.032947 0.005975
0.213394 0.127973 0.051655
0.138470 0.128324 0.042389
0.178647 0.097705 0.047747
0.116446 0.107914 0.051888
0.039864 0.024843 0.010484
0.014412 0.008428 0.003406
0.010167 0.006068 0.002716
0.010660 0.006258 0.002743
0.021892 0.005684 0.004200
0.010175 0.006207 0.002561
0.010028 0.006159 0.002660
0.141392 0.155765 0.365727
0.335836 0.280037 0.506158
0.519492 0.519703 0.409580
0.413223 0.467674 0.040424
0.425621 0.148169 0.167228
0.436816 0.282189 0.121207
0.161195 0.621541 0.531431
0.192324 0.115805 0.053131
0.592338 0.088156 0.270635
0.137487 0.157463 0.093678
0.345319 0.121730 0.123113
0.622899 0.299665 0.442049
0.125011 0.133272 0.193280
0.126903 0.144992 0.135019
0.117748 0.633774 0.350566
0.234555 0.140736 0.063433
0.144348 0.136651 0.336724
0.171209 0.100756 0.044980
0.167610 0.192405 0.063965
0.291540 0.254333 0.484865
0.475129 0.461621 0.406473
0.549774 0.335507 0.142151
0.340854 0.117194 0.141485
0.440810 0.269407 0.115205
0.083323 0.540299 0.500473
0.205458 0.126411 0.055956
0.629637 0.391625 0.163843
0.602417 0.081282 0.031937
0.346755 0.090845 0.066062
0.372830 0.113585 0.027076
0.015128 0.013016 0.024146
0.035013 0.023202 0.033029
0.053777 0.041940 0.025688
0.150110 0.076706 0.022473
0.041381 0.011641 0.010285
0.098875 0.048036 0.033215
0.200828 0.016275 0.017544
0.072446 0.110461 0.030601
0.022738 0.050848 0.034339
0.019379 0.009544 0.003119
0.015787 0.007669 0.002655
0.015263 0.007632 0.002642
0.018964 0.009123 0.003176
0.097728 0.005731 0.007143
0.190107 0.041127 0.029295
0.056550 0.007019 0.017007
0.022361 0.043970 0.047444
0.037213 0.069022 0.041856
0.014645 0.012494 0.005827
0.029487 0.072718 0.030352
0.016514 0.008239 0.002923
0.033217 0.009611 0.007530
0.061633 0.024380 0.028246
0.013543 0.010874 0.012631
0.054784 0.065766 0.045736
0.013451 0.011576 0.008723
0.078848 0.061076 0.044873
0.018034 0.051342 0.022194
0.048644 0.074422 0.011218
0.023630 0.011074 0.003666
0.237626 0.128167 0.048993
0.339098 0.110860 0.035753
0.170930 0.143768 0.042225
0.340112 0.108832 0.027483
0.225453 0.134797 0.013096
0.227081 0.045403 0.006705
0.016936 0.057383 0.010507
0.017392 0.007906 0.002617
0.304283 0.070531 0.008257
0.312438 0.052364 0.005088
0.018029 0.015195 0.003804
0.225424 0.048189 0.006011
0.029888 0.021208 0.031702
0.232537 0.116418 0.034921
0.187854 0.058633 0.007393
0.034357 0.074548 0.016648
0.021404 0.010135 0.003211
0.149849 0.071467 0.021816
0.054579 0.026579 0.008126
0.188059 0.056768 0.007325
0.221299 0.058898 0.008664
0.016186 0.007909 0.002503
0.087418 0.041861 0.030224
0.018512 0.008598 0.002691
0.067866 0.104936 0.029653
0.014079 0.044126 0.032808
0.020303 0.009964 0.003253
0.225385 0.160327 0.038144
0.190859 0.135026 0.049247
0.170155 0.081992 0.024340
0.021717 0.010657 0.003128
0.079469 0.037041 0.011125
0.272143 0.036375 0.002862
0.017007 0.007830 0.002456
0.033487 0.006943 0.003543
0.078279 0.036657 0.011216
0.016451 0.007744 0.002520
0.326776 0.156322 0.045558
0.044141 0.029305 0.041768
0.068673 0.052873 0.032598
0.106681 0.052998 0.015638
0.124316 0.060770 0.042033
0.054720 0.028221 0.008787
0.091161 0.139224 0.038595
0.027740 0.064254 0.043446
0.024228 0.012039 0.003860
0.447086 0.222298 0.064158
0.020581 0.009749 0.003382
0.439487 0.216480 0.063440
0.020208 0.009726 0.003456
0.024612 0.011569 0.003746
0.125390 0.007133 0.009044
0.238422 0.052300 0.036975
0.071772 0.008913 0.021666
0.029083 0.055562 0.059969
0.047487 0.086976 0.052499
0.019064 0.015782 0.007349
0.037058 0.091775 0.038311
0.020899 0.010454 0.003571
0.042976 0.011987 0.009484
0.077865 0.030924 0.035759
0.016509 0.013749 0.015927
0.070077 0.082675 0.057204
0.016395 0.014774 0.010881
0.098841 0.077031 0.056377
0.022421 0.064688 0.027995
0.062048 0.093594 0.014137
0.455129 0.227777 0.065021
0.429941 0.139541 0.045243
0.429055 0.137403 0.035012
0.285182 0.170224 0.016589
0.019854 0.072986 0.013153
0.424733 0.202292 0.058720
0.106341 0.052106 0.015807
0.019748 0.014405 0.027967
0.021635 0.010001 0.003407
0.384972 0.088998 0.010535
0.022419 0.019255 0.004728
0.020481 0.009972 0.003385
0.038628 0.026680 0.040197
0.045801 0.021940 0.007000
0.042370 0.094324 0.021134
0.463014 0.230844 0.066344
0.063075 0.047028 0.032440
0.041710 0.011628 0.011191
0.150828 0.072008 0.021583
0.271845 0.060827 0.008463
0.020468 0.010081 0.003368
0.110587 0.053019 0.038507
0.231745 0.015147 0.018916
0.023227 0.010953 0.003441
0.462236 0.231393 0.066167
0.085865 0.132441 0.037653
0.026159 0.012536 0.004233
0.287152 0.049431 0.002452
0.300349 0.057408 0.001515
0.428027 0.148637 0.023202
0.283617 0.202358 0.048103
0.354793 0.153464 0.055797
0.241832 0.170292 0.062909
0.028361 0.013327 0.003837
0.020567 0.009623 0.003134
0.311231 0.042705 0.013098
0.343182 0.045864 0.003592
0.020868 0.009929 0.003165
0.041836 0.008892 0.004544
0.021414 0.009715 0.003121
0.020809 0.009373 0.002908
0.431589 0.209453 0.060853
0.020574 0.009727 0.003107
0.024192 0.020786 0.038311
0.365239 0.077652 0.011278
0.055469 0.036763 0.052382
0.378540 0.192523 0.057436
0.086406 0.066683 0.040890
0.065156 0.018628 0.016265
0.134270 0.066702 0.019678
0.156033 0.076358 0.052476
0.318386 0.025580 0.027967
0.069420 0.035498 0.011051
0.113988 0.174926 0.048609
0.034607 0.080623 0.054355
0.025903 0.012297 0.004129
0.553653 0.271543 0.079189
0.299083 0.065414 0.046379
0.090458 0.011272 0.027163
0.035829 0.069711 0.075837
0.059647 0.109368 0.066509
0.022735 0.019858 0.009325
0.046758 0.115398 0.048139
0.025954 0.012966 0.004477
0.053817 0.015215 0.012075
0.020765 0.017381 0.019708
0.088261 0.103998 0.072324
0.021190 0.018592 0.013682
0.124195 0.096789 0.071069
0.028054 0.081404 0.035039
0.076948 0.117844 0.017705
0.037228 0.017530 0.005749
0.572443 0.285233 0.082377
0.376553 0.203188 0.077815
0.537253 0.175733 0.056608
0.271159 0.228524 0.067030
0.537298 0.172690 0.043933
0.355847 0.213981 0.020862
0.358530 0.072457 0.010156
0.024656 0.091588 0.016432
0.024924 0.018128 0.035138
0.483728 0.111593 0.013142
0.493582 0.083447 0.008253
0.027886 0.024173 0.005944
0.025548 0.012573 0.004419
0.048152 0.033689 0.050330
0.308589 0.086486 0.004024
0.054202 0.118746 0.026371
0.087477 0.042010 0.013151
0.052463 0.014873 0.014084
0.340356 0.076841 0.010620
0.026064 0.012568 0.004189
0.138768 0.066328 0.048463
0.311440 0.154079 0.046521
0.029277 0.013589 0.004325
0.579261 0.290571 0.082771
0.108272 0.165963 0.047172
0.022135 0.070191 0.051584
0.031996 0.015822 0.005205
0.361610 0.062172 0.003002
0.377716 0.072034 0.001948
0.536061 0.187188 0.029109
0.356795 0.254465 0.060508
0.444205 0.193516 0.070248
0.301570 0.214612 0.078788
0.269762 0.129666 0.038857
0.025679 0.012110 0.003908
0.431060 0.057534 0.004673
0.282864 0.005163 0.000825
0.052454 0.011031 0.005920
0.577588 0.285241 0.082273
0.026899 0.012230 0.003796
0.131407 0.061736 0.018330
0.025613 0.011722 0.003461
0.026030 0.012177 0.003717
0.517924 0.247959 0.071971
0.048926 0.041473 0.076788
0.111185 0.073504 0.105041
0.104574 0.215551 0.008214
0.172636 0.132854 0.081607
0.475099 0.242559 0.071553
0.137184 0.117424 0.003627
0.131661 0.037215 0.032819
0.312398 0.152126 0.105595
0.446759 0.347432 -0.020229
0.138943 0.070884 0.022079
0.228189 0.349251 0.097056
0.070256 0.161121 0.109190
0.255709 0.122243 0.037776
0.311294 0.018217 0.022913
0.596793 0.130559 0.092837
0.181339 0.022478 0.054259
0.117259 0.218903 0.132806
0.045623 0.040043 0.018353
0.091978 0.229786 0.096094
0.094372 0.041750 0.009468
0.107043 0.030732 0.023809
0.198024 0.077498 0.089650
0.042449 0.034692 0.040074
0.174173 0.208279 0.144032
0.042587 0.037276 0.027372
0.246430 0.193566 0.142084
0.056534 0.162455 0.070184
0.153954 0.235141 0.035090
0.539339 0.455840 0.133896
0.049038 0.182704 0.032639
0.049259 0.036364 0.070291
0.053916 0.025239 0.008085
0.055534 0.048281 0.011659
0.097620 0.067038 0.101018
0.075762 0.192761 0.001107
0.591632 0.185946 0.023452
0.106978 0.236174 0.052941
0.158529 0.118437 0.081607
0.692809 0.027582 -0.006850
0.174252 0.084288 0.025883
0.308189 0.081843 -0.000176
0.596561 0.179399 0.023234
0.181952 0.265311 0.000603
0.105784 0.029663 0.027840
0.261259 0.125193 0.036721
0.374220 0.181281 0.054546
0.678794 0.152991 0.021534
0.050041 0.196426 -0.000157
0.277655 0.132529 0.096690
0.401247 0.317371 -0.022817
0.582007 0.037868 0.047640
0.107363 0.259276 0.004415
0.216198 0.331297 0.094126
0.045475 0.139922 0.103569
0.569787 0.156087 -0.019636
0.605297 0.426839 0.157679
0.539472 0.258672 0.077879
0.198994 0.098376 0.029557
0.567821 0.010142 0.001657
0.105085 0.022314 0.011814
0.562338 0.001040 -0.014267
0.051660 0.023536 0.006824
0.061408 0.052263 0.096403
0.140476 0.092315 0.131853
0.131940 0.270589 0.010288
0.657565 0.023978 -0.017092
0.595261 0.304346 0.089840
0.171895 0.147048 0.004480
0.165574 0.046672 0.041220
0.391344 0.191470 0.132244
0.561441 0.435090 -0.025417
0.174101 0.089108 0.027654
0.287361 0.437655 0.121696
0.087988 0.202345 0.136977
0.076660 0.038077 0.012288
0.392045 0.022896 0.028374
0.226684 0.028022 0.068919
0.147658 0.274990 0.166308
0.057188 0.050217 0.023127
0.115850 0.289212 0.120829
0.119265 0.052510 0.012140
0.066138 0.032919 0.011327
0.134834 0.038593 0.029687
0.247383 0.096988 0.112872
0.053584 0.043525 0.050240
0.220091 0.261195 0.181481
0.053375 0.046870 0.034221
0.311679 0.242958 0.178449
0.070955 0.204071 0.088775
0.193134 0.295368 0.044328
0.093286 0.044308 0.014401
0.680803 0.570490 0.168220
0.061585 0.229786 0.041314
0.268905 0.054526 0.001588
0.062298 0.045552 0.088787
0.070990 0.060739 0.014859
0.122489 0.084285 0.126727
0.095127 0.242109 0.001408
0.134765 0.296676 0.066365
0.198559 0.148670 0.102553
0.593258 0.284182 0.086167
0.386528 0.102896 0.000029
0.228665 0.332628 0.001033
0.140302 0.134764 0.002723
0.133059 0.037138 0.035159
0.062640 0.247242 -0.000098
0.322474 0.152187 0.046269
0.346517 0.167094 0.121223
0.502934 0.397590 -0.028475
0.134967 0.324999 0.005409
0.273440 0.415288 0.118335
0.056828 0.175768 0.130048
0.088487 0.042095 0.011918
0.378549 0.297074 -0.019322
0.227011 0.023845 0.004486
0.616178 0.435084 -0.062269
0.576246 0.254905 -0.029950
0.369871 0.444844 -0.038570
0.065986 0.031382 0.009650
0.133414 0.028026 0.014770
0.544338 0.394298 -0.048102
0.063918 0.029694 0.008721
0.315142 0.149748 0.044629
0.435266 0.107515 0.009600
0.223481 0.146640 0.209762
0.209176 0.428580 0.016683
0.343822 0.265248 0.162803
0.273211 0.233788 0.007312
0.532091 0.265172 0.078373
0.622156 0.302897 0.210690
0.276562 0.141284 0.044258
0.456606 0.693007 0.193978
0.139524 0.321041 0.217978
0.103026 0.048790 0.016464
0.509534 0.244090 0.075908
0.514783 0.244071 0.075549
0.622166 0.036644 0.045657
0.361782 0.044641 0.108781
0.236064 0.436001 0.265017
0.092058 0.079734 0.036783
0.184632 0.457887 0.191862
0.188156 0.083741 0.018541
0.106295 0.051637 0.017979
0.393687 0.154681 0.179025
0.085133 0.069209 0.079665
0.348387 0.414114 0.288229
0.085138 0.074579 0.054411
0.494431 0.384665 0.283539
0.112400 0.323514 0.140259
0.307685 0.467601 0.070196
0.148457 0.070443 0.022998
0.096942 0.364534 0.065393
0.427590 0.086599 0.002431
0.099205 0.072698 0.140648
0.111843 0.096472 0.023199
0.195046 0.133514 0.201172
0.150448 0.383890 0.002255
0.214046 0.470372 0.105097
0.135933 0.064064 0.020944
0.314237 0.236050 0.162423
0.613015 0.163127 -0.000194
0.361525 0.527781 0.001329
0.534517 0.262898 0.078765
0.223885 0.213963 0.004256
0.210447 0.059123 0.055673
0.099249 0.391308 -0.000172
0.513833 0.241637 0.073407
0.553842 0.264104 0.193417
0.433274 0.119654 -0.000770
0.214464 0.515565 0.008603
0.115652 0.054504 0.016996
0.432867 0.657725 0.188662
0.089710 0.279307 0.206827
0.601912 0.471369 -0.031054
0.363221 0.037841 0.006937
0.590766 0.703602 -0.061597
0.227767 0.055447 0.006642
0.101895 0.046960 0.013817
0.499232 0.238220 0.070213
0.548927 0.135840 0.012093
0.123602 0.104872 0.193086
0.281980 0.185149 0.264885
0.265056 0.540676 0.021012
0.434574 0.334356 0.206525
0.345678 0.295217 0.009333
0.333086 0.093820 0.083051
0.674070 0.334258 0.098891
0.177574 0.404549 0.275366
0.154398 0.076437 0.024613
0.130218 0.061741 0.020799
0.642399 0.310668 0.095450
0.663011 0.322459 0.098570
0.455170 0.056748 0.137653
0.179952 0.350506 0.380429
0.295237 0.549567 0.334883
0.115925 0.100739 0.046289
0.233760 0.577278 0.242127
0.240265 0.105507 0.023904
0.135824 0.066283 0.022835
0.269506 0.077131 0.060796
0.497991 0.194868 0.225964
0.107533 0.087493 0.100986
0.442494 0.520852 0.363426
0.108401 0.093906 0.069558
0.622202 0.485878 0.358382
0.143303 0.407970 0.177562
0.388671 0.589512 0.088535
0.125557 0.459564 0.082677
0.537719 0.109124 0.003219
0.123929 0.092169 0.177521
0.141895 0.121978 0.029259
0.672836 0.315526 0.097478
0.244801 0.169007 0.254288
0.190389 0.483707 0.002938
0.270256 0.592474 0.132737
0.169921 0.081461 0.026075
0.397375 0.297844 0.205986
0.459082 0.664373 0.001835
0.282571 0.269873 0.005627
0.265559 0.074643 0.070651
0.658737 0.314592 0.093928
0.125929 0.493741 -0.000305
0.647558 0.304846 0.092848
0.697651 0.333561 0.244007
0.548256 0.150821 -0.000993
0.270298 0.650765 0.010811
0.112647 0.351946 0.261293
0.681815 0.332218 0.098870
0.266970 0.056230 0.030083
0.623587 0.292719 0.088144
0.631806 0.300396 0.088764
0.011776 0.010359 0.019070
0.027571 0.018343 0.026192
0.043101 0.033291 0.020367
0.119143 0.060829 0.017827
0.066731 0.033379 0.009858
0.077712 0.038131 0.026376
0.159315 0.012856 0.013962
0.034458 0.017689 0.005508
0.057153 0.087669 0.024248
0.017768 0.040343 0.027203
0.015336 0.007533 0.002476
0.012613 0.006166 0.002042
0.277351 0.135849 0.039616
0.014932 0.007161 0.002512
0.077335 0.004654 0.005697
0.148888 0.032750 0.023110
0.045258 0.005568 0.013507
0.017892 0.035066 0.037651
0.030039 0.054642 0.033189
0.011382 0.010012 0.004598
0.023852 0.057596 0.023849
0.026528 0.007639 0.006080
0.049425 0.019410 0.022409
0.010425 0.008690 0.009998
0.044325 0.051858 0.036158
0.010699 0.009320 0.006942
0.014365 0.040681 0.017596
0.038981 0.058876 0.008776
0.018755 0.008744 0.002975
0.269201 0.087998 0.028237
0.136250 0.114380 0.033409
0.269030 0.086632 0.021672
0.177986 0.107440 0.010488
0.179660 0.036012 0.005063
0.012095 0.045745 0.008258
0.012100 0.009100 0.017438
0.014179 0.012020 0.003011
0.012611 0.006319 0.002172
0.024558 0.016791 0.024938
0.029366 0.013583 0.004483
0.027027 0.059022 0.013063
0.016714 0.008090 0.002680
0.118414 0.056920 0.017158
0.044003 0.020971 0.006538
0.026556 0.007411 0.007047
0.093631 0.045339 0.013446
0.174949 0.046614 0.006876
0.012683 0.006345 0.002072
0.069554 0.033184 0.024040
0.146101 0.009399 0.011810
0.014408 0.006831 0.002236
0.053865 0.083257 0.023471
0.011513 0.035087 0.025747
0.016085 0.007893 0.002584
0.236766 0.115882 0.034015
0.268082 0.093732 0.014748
0.179259 0.127138 0.030193
0.151145 0.107569 0.039091
0.049612 0.024703 0.007503
0.012766 0.005994 0.001878
0.195815 0.026938 0.008099
0.026364 0.005613 0.002941
0.280499 0.137944 0.039744
0.065219 0.031101 0.009154
0.012809 0.005937 0.001890
0.271917 0.131728 0.038223
0.013014 0.006062 0.001999
0.195901 0.165625 0.305558
0.444359 0.292186 0.418169
0.687164 0.527173 0.326240
0.545081 0.465171 0.015189
0.525640 0.148525 0.131086
0.552676 0.281444 0.088241
0.280220 0.637255 0.434431
0.182683 0.158816 0.073050
0.378311 0.166827 0.037782
0.213759 0.104093 0.035664
0.426242 0.121713 0.095558
0.169225 0.137849 0.159124
0.170542 0.147989 0.108947
0.226394 0.643220 0.280234
0.195163 0.145473 0.280854
0.223714 0.192747 0.046614
0.388472 0.266719 0.401441
0.459990 0.219091 0.068322
0.269187 0.127984 0.041642
0.628618 0.469451 0.325559
0.690963 0.334546 0.103205
0.445067 0.424992 0.009348
0.420325 0.118126 0.111482
0.205107 0.101183 0.033393
0.230443 0.108690 0.034168
0.175597 0.555786 0.411067
0.421298 0.089096 0.047600
0.203775 0.094081 0.027853
