4100.000000 0.000000 0.000000 0.000000
0.000000 0.000000 0.000000
0.001019 0.001152 0.001141
0.001901 0.001993 0.001933
0.002559 0.002621 0.002423
0.003189 0.003248 0.002948
0.003842 0.003884 0.003518
0.004576 0.004593 0.004173
0.005241 0.005223 0.004756
0.005911 0.005827 0.005328
0.006625 0.006463 0.005943
0.007387 0.007130 0.006591
0.008160 0.007791 0.007241
0.009001 0.008393 0.007863
0.009740 0.009018 0.008488
0.010421 0.009634 0.009102
0.011102 0.010260 0.009727
0.011761 0.010878 0.010344
0.012335 0.011470 0.010939
0.012923 0.012072 0.011547
0.013496 0.012658 0.012140
0.014099 0.013275 0.012764
0.014727 0.013913 0.013404
0.015323 0.014535 0.014024
0.015930 0.015172 0.014651
0.016547 0.015818 0.015276
0.017142 0.016444 0.015880
0.017743 0.017085 0.016511
0.018356 0.017730 0.017153
0.018975 0.018379 0.017804
0.019586 0.019024 0.018453
0.020189 0.019661 0.019090
0.020780 0.020288 0.019720
0.021368 0.020910 0.020342
0.021965 0.021541 0.020975
0.022551 0.022160 0.021595
0.023134 0.022776 0.022212
0.023711 0.023385 0.022822
0.024294 0.023997 0.023436
0.024880 0.024612 0.024053
0.025461 0.025220 0.024660
0.026050 0.025832 0.025273
0.026644 0.026450 0.025893
0.027234 0.027062 0.026504
0.027827 0.027676 0.027119
0.028418 0.028288 0.027731
0.029013 0.028902 0.028343
0.029607 0.029514 0.028951
0.030213 0.030133 0.029565
0.030817 0.030748 0.030174
0.031426 0.031365 0.030782
0.032036 0.031980 0.031387
0.032648 0.032595 0.031991
0.033265 0.033211 0.032594
0.033877 0.033823 0.033190
0.034491 0.034435 0.033784
0.035108 0.035049 0.034380
0.035730 0.035670 0.034981
0.036354 0.036291 0.035580
0.036984 0.036920 0.036187
0.037616 0.037550 0.036795
0.038246 0.038178 0.037399
0.038877 0.038808 0.038007
0.039505 0.039435 0.038608
0.040141 0.040069 0.039216
0.040915 0.040884 0.040044
0.041739 0.041764 0.040950
0.042560 0.042635 0.041842
0.043375 0.043493 0.042716
0.044187 0.044342 0.043576
0.044999 0.045184 0.044428
0.045808 0.046012 0.045261
0.046618 0.046833 0.046085
0.047429 0.047645 0.046897
0.048242 0.048450 0.047699
0.049130 0.049342 0.048608
0.050036 0.050245 0.049530
0.050948 0.051145 0.050449
0.051864 0.052042 0.051365
0.052787 0.052943 0.052285
0.053714 0.053851 0.053213
0.054675 0.054805 0.054194
0.055654 0.055789 0.055212
0.056631 0.056774 0.056229
0.057603 0.057758 0.057241
0.058578 0.058748 0.058258
0.059589 0.059784 0.059329
0.060603 0.060828 0.060405
0.061613 0.061868 0.061474
0.062621 0.062905 0.062536
0.063667 0.063990 0.063652
0.064718 0.065072 0.064760
0.065777 0.066160 0.065866
0.066866 0.067281 0.067003
0.067967 0.068408 0.068141
0.069072 0.069537 0.069274
0.070207 0.070695 0.070435
0.071356 0.071859 0.071595
0.072522 0.073036 0.072764
0.073704 0.074227 0.073944
0.074881 0.075414 0.075119
0.076065 0.076613 0.076311
0.077238 0.077802 0.077492
0.078418 0.079004 0.078693
0.079591 0.080199 0.079885
0.080769 0.081404 0.081093
0.081940 0.082601 0.082295
0.083121 0.083808 0.083509
0.084306 0.085020 0.084729
0.085493 0.086229 0.085946
0.086689 0.087447 0.087172
0.087891 0.088666 0.088401
0.089097 0.089883 0.089627
0.090314 0.091107 0.090862
0.091543 0.092331 0.092099
0.092785 0.093556 0.093339
0.094039 0.094782 0.094584
0.095313 0.096015 0.095837
0.096607 0.097257 0.097099
0.097921 0.098505 0.098367
0.099249 0.099757 0.099640
0.100594 0.101018 0.100923
0.101958 0.102293 0.102220
0.103335 0.103584 0.103533
0.104718 0.104891 0.104859
0.106105 0.106212 0.106195
0.107496 0.107553 0.107548
0.108894 0.108913 0.108914
0.110302 0.110298 0.110300
0.111717 0.111703 0.111700
0.113138 0.113126 0.113110
0.114566 0.114568 0.114531
0.115983 0.116012 0.115933
0.117395 0.117460 0.117318
0.118801 0.118911 0.118689
0.120197 0.120360 0.120037
0.121583 0.121807 0.121358
0.122958 0.123249 0.122651
0.124349 0.124709 0.123964
0.125798 0.126221 0.125356
0.127316 0.127790 0.126839
0.128902 0.129418 0.128410
0.130540 0.131090 0.130048
0.132237 0.132817 0.131764
0.133985 0.134591 0.133545
0.135769 0.136399 0.135368
0.137593 0.138247 0.137240
0.139449 0.140126 0.139149
0.141341 0.142041 0.141097
0.143271 0.143997 0.143089
0.145238 0.145986 0.145119
0.147246 0.148016 0.147192
0.149302 0.150090 0.149312
0.151401 0.152206 0.151474
0.153546 0.154369 0.153684
0.155744 0.156580 0.155938
0.158001 0.158851 0.158247
0.160328 0.161189 0.160611
0.162718 0.163585 0.163022
0.165175 0.166046 0.165485
0.167713 0.168578 0.168000
0.170323 0.171179 0.170560
0.172979 0.173829 0.173147
0.175653 0.176508 0.175760
0.178323 0.179202 0.178400
0.180994 0.181907 0.181060
0.183681 0.184644 0.183757
0.186383 0.187408 0.186482
0.189104 0.190195 0.189235
0.191856 0.193023 0.192031
0.194653 0.195892 0.194868
0.197505 0.198818 0.197765
0.200415 0.201804 0.200730
0.203395 0.204849 0.203760
0.206448 0.207972 0.206881
0.209576 0.211158 0.210076
0.212772 0.214404 0.213339
0.216036 0.217711 0.216667
0.219387 0.221075 0.220053
0.222823 0.224502 0.223508
0.226366 0.227982 0.227027
0.230045 0.231517 0.230616
0.233837 0.235113 0.234283
0.237771 0.238761 0.238014
0.241852 0.242464 0.241824
0.246091 0.246219 0.245710
0.250455 0.250037 0.249667
0.254872 0.253962 0.253730
0.259303 0.257988 0.257868
0.263752 0.262136 0.262115
0.268241 0.266400 0.266463
0.272793 0.270772 0.270906
0.277390 0.275272 0.275472
0.282052 0.279868 0.280124
0.286796 0.284573 0.284885
0.291624 0.289382 0.289754
0.296541 0.294276 0.294705
0.301536 0.299274 0.299767
0.306615 0.304353 0.304912
0.311806 0.309548 0.310182
0.317096 0.314850 0.315572
0.322473 0.320216 0.321027
0.327929 0.325675 0.326584
0.333471 0.331211 0.332225
0.339084 0.336815 0.337939
0.344781 0.342518 0.343763
0.350548 0.348273 0.349640
0.356399 0.354129 0.355629
0.362324 0.360054 0.361696
0.368298 0.366015 0.367802
0.374362 0.372084 0.374031
0.380476 0.378172 0.380281
0.386674 0.384352 0.386634
0.392938 0.390594 0.393061
0.399266 0.396877 0.399535
0.405720 0.403293 0.406163
0.412225 0.409702 0.412788
0.418838 0.416198 0.419519
0.425525 0.422774 0.426340
0.432284 0.429395 0.433210
0.439129 0.436128 0.440209
0.445956 0.442823 0.447169
0.452874 0.449612 0.454227
0.459880 0.456509 0.461402
0.466848 0.463345 0.468505
0.473886 0.470286 0.475709
0.480868 0.477168 0.482819
0.487899 0.484099 0.489965
0.495071 0.491194 0.497280
0.502200 0.498203 0.504481
0.509409 0.505318 0.511793
0.516659 0.512454 0.519107
0.523896 0.519563 0.526377
0.531198 0.526746 0.533727
0.538508 0.533829 0.540930
0.545948 0.541043 0.548280
0.553519 0.548340 0.555717
0.561382 0.555847 0.563367
0.569671 0.563771 0.571499
0.578504 0.572074 0.579987
0.587713 0.580742 0.588898
0.597458 0.589916 0.598308
0.607762 0.599594 0.608146
0.618263 0.609649 0.618382
0.629270 0.620211 0.628968
0.641052 0.631705 0.640371
0.653337 0.643847 0.652332
0.666257 0.656613 0.664803
0.679599 0.670058 0.677953
0.694511 0.685104 0.692315
0.713139 0.703855 0.710483
0.735386 0.726558 0.731727
0.763328 0.754662 0.759000
0.793662 0.785712 0.789485
0.844239 0.838965 0.841039
0.933067 0.929639 0.930809
1.000000 1.000000 1.000000
