3022
-0.042831 0.037121 0.015086
-0.099434 -0.004693 -0.032245
-0.004084 0.007000 -0.290376
0.008726 -0.007866 0.115714
-0.000958 0.023107 0.051990
-0.036995 -0.006446 -0.001390
-0.018248 0.019351 0.002478
-0.025241 -0.038424 0.041119
0.057833 0.006548 -0.040322
-0.035535 0.046520 0.076805
0.006679 -0.053366 0.039716
-0.008653 -0.008781 -0.036441
0.017485 -0.015303 -0.004440
-0.028203 -0.013694 0.041827
-0.051829 0.021791 -0.033258
0.064368 -0.067376 -0.003360
-0.152515 0.057733 -0.034291
0.057646 -0.081491 -0.073714
0.075837 -0.009097 0.061987
-0.005025 0.035350 -0.014755
0.035219 -0.028230 0.127642
-0.091607 -0.031173 0.048731
0.018942 0.106112 0.094583
0.166215 0.010025 0.052804
0.028788 0.014996 -0.069514
0.002694 0.001872 -0.189164
-0.038159 0.001880 0.191553
-0.043718 -0.014004 0.039653
-0.034763 -0.007306 0.112626
-0.100343 0.048599 -0.062403
0.015724 0.013147 0.055366
0.040066 -0.001127 0.094711
-0.020001 -0.003971 0.042429
-0.040656 -0.003591 0.000872
-0.030983 -0.043699 -0.025512
-0.007893 -0.040871 -0.002318
-0.032251 -0.049972 0.353148
0.006906 -0.016215 0.066311
-0.356192 0.113203 0.065569
-0.080496 -0.004390 0.002869
0.063655 -0.032178 0.000957
-0.016226 0.035558 -0.010722
0.022929 0.005252 -0.131159
0.025720 -0.027471 -0.024475
-0.064030 -0.045918 -0.032976
0.005081 0.012552 -0.015355
0.036750 -0.083627 -0.053530
0.021529 -0.024644 -0.021351
0.099141 0.003739 -0.034059
0.126767 -0.047162 0.023770
0.040507 -0.094242 0.034638
-0.032914 0.031580 0.024956
-0.040556 0.039166 0.112460
-0.001463 0.016758 0.038316
-0.033763 0.021428 -0.001855
-0.000499 -0.001062 -0.037173
0.289891 -0.145735 0.008190
-0.020096 0.030060 0.006920
0.025139 0.021951 -0.012204
-0.029540 0.019323 -0.039037
-0.062390 -0.022583 0.001944
-0.036292 -0.064073 0.055665
0.067530 -0.026846 0.031758
-0.061764 0.055550 -0.066862
0.024930 -0.065661 0.027830
-0.070487 -0.016823 -0.030472
-0.072925 -0.027003 -0.008396
0.067307 -0.040062 0.041054
0.028534 0.016313 0.003483
0.003262 0.001087 -0.094956
-0.005599 0.024830 -0.079663
0.027686 0.038691 0.036933
-0.000268 -0.035212 -0.031308
0.072599 0.056294 -0.092636
0.016030 -0.008350 0.060518
0.044767 0.016979 -0.007128
-0.041327 -0.046495 0.029987
0.001279 -0.030879 0.032996
-0.081727 0.073475 0.089901
0.043825 -0.006216 0.005797
-0.035537 -0.074299 -0.012254
-0.011465 0.008239 0.132608
-0.083817 0.031641 0.085444
0.053451 -0.082835 0.069103
0.011276 -0.039156 -0.129123
-0.165651 0.001244 -0.078876
-0.010771 -0.047188 -0.162582
-0.069183 0.052422 -0.070842
-0.003354 0.002580 -0.211228
-0.052116 -0.004291 -0.006878
0.028107 -0.008456 0.061746
0.017103 0.003583 -0.083194
-0.055510 -0.020007 0.024450
-0.024441 -0.051502 0.016237
-0.016245 -0.027920 0.001100
-0.006687 0.041574 0.021224
-0.008499 -0.024780 0.039956
0.055262 0.016025 -0.041695
0.006775 0.027207 0.050317
0.004936 0.020349 0.053924
-0.006771 -0.029806 -0.047286
0.010899 -0.007049 -0.010060
-0.005590 -0.065964 -0.059754
-0.005906 -0.029732 0.005876
-0.028253 0.034797 -0.036434
0.048904 -0.075251 -0.159773
-0.063809 -0.015963 -0.149221
0.082133 0.011609 0.000178
-0.029105 -0.011900 0.092322
-0.005004 -0.033213 0.029740
0.021407 -0.023089 -0.015254
0.007584 0.057499 0.023663
-0.094775 0.068419 0.111351
-0.008640 0.040251 0.064474
0.011969 -0.017607 0.037207
-0.010573 -0.017323 -0.035788
-0.040916 0.025484 -0.062278
-0.003436 0.001876 -0.063799
-0.063772 0.071070 0.115999
0.018441 -0.014292 0.010411
-0.005417 0.004410 -0.009527
-0.023886 0.051100 0.029304
-0.050041 -0.030362 0.042398
-0.025616 -0.041525 -0.041988
-0.088626 -0.052272 -0.059097
0.041865 -0.026441 0.015958
-0.136516 0.091667 -0.035558
0.016584 0.000749 0.006322
-0.044580 -0.024168 0.458716
0.046456 -0.045910 -0.009637
0.014223 -0.004265 -0.002715
-0.064133 0.002242 -0.003137
0.026963 0.029400 -0.078319
-0.060256 0.014661 -0.258580
0.031317 0.033610 -0.028049
-0.025383 0.013539 0.073179
-0.053814 -0.083624 -0.043462
-0.046476 -0.052619 0.081727
0.009560 0.023199 0.097017
-0.016937 -0.001058 -0.029746
-0.035283 -0.022745 -0.036841
0.008933 0.021911 0.061782
-0.019997 -0.047548 0.041819
-0.034936 -0.003121 -0.012206
-0.095343 0.026077 0.073790
0.036697 0.009483 0.133863
-0.013544 -0.007713 0.009830
-0.011212 0.032198 -0.042300
-0.004370 0.004521 0.002117
-0.096213 -0.057771 0.102232
-0.000254 -0.021238 0.021094
0.004587 -0.013981 0.037379
0.010416 0.062137 0.049111
0.070921 0.026919 0.095245
-0.068958 -0.013356 0.006642
0.008594 -0.020652 0.011676
-0.045968 -0.022804 0.030919
0.123513 -0.115317 0.073350
0.083359 -0.095593 0.034715
0.002402 -0.014338 0.035052
0.012359 -0.021123 -0.046867
-0.000043 -0.013649 0.002219
0.041208 0.023140 0.169506
-0.008806 -0.032833 -0.051623
-0.019477 -0.003197 -0.053764
0.078949 -0.008697 -0.054672
-0.044549 0.005606 0.008544
0.027038 -0.011370 0.033450
-0.018654 0.023873 -0.044544
-0.035396 -0.068062 0.014500
0.065271 0.020480 0.104248
-0.040115 0.019421 0.022362
0.015609 0.012215 0.075764
0.036711 0.011569 -0.025268
0.035316 -0.047158 0.066406
0.002279 -0.059726 0.078895
0.006573 -0.057087 -0.053582
-0.014376 -0.101636 -0.007479
0.033305 0.023847 0.237381
0.017037 0.031814 -0.158316
-0.039701 0.128350 -0.213826
0.061051 -0.049550 0.102486
-0.015016 -0.000097 -0.054560
-0.019529 -0.022466 0.022556
-0.116486 -0.039640 0.035899
0.018462 -0.025686 0.001665
-0.030380 -0.007950 0.029122
0.002561 0.011418 -0.025112
0.049726 -0.015437 0.035273
-0.111651 -0.013429 0.031644
-0.012764 0.009827 -0.097602
-0.035174 0.050318 0.001740
-0.025574 0.045470 -0.142056
0.023277 0.016579 -0.006274
-0.006589 -0.012904 -0.010036
-0.000871 0.011712 -0.028818
0.016275 -0.013818 0.057783
-0.030577 -0.036493 0.055441
-0.066087 -0.035468 -0.064017
0.062664 -0.037567 0.005495
-0.018901 0.082387 -0.157605
0.081312 -0.000190 -0.119162
0.088560 -0.000552 0.076923
0.144184 -0.047044 -0.036659
0.020034 -0.061322 0.169513
0.003636 -0.013531 -0.087884
-0.038692 0.001050 0.057001
-0.003743 0.014106 -0.060583
-0.014620 -0.002097 0.007893
-0.033166 0.017504 -0.004504
0.057610 0.048448 -0.092387
0.007727 0.042486 -0.032959
-0.022125 -0.002527 -0.001388
-0.024797 0.044252 -0.009968
-0.032554 0.016634 -0.021444
-0.014835 -0.025597 0.007672
0.134302 0.004219 0.175001
0.007881 -0.015908 -0.008488
0.034406 -0.003303 0.015610
-0.006632 0.020421 0.019033
-0.073941 -0.015847 0.016994
-0.027046 -0.045434 -0.036496
-0.085187 -0.004955 -0.016393
0.017813 0.012104 -0.025814
0.087248 -0.057274 0.023626
-0.031653 -0.009226 0.590625
-0.035482 0.018547 -0.005284
-0.066786 -0.023597 -0.001631
0.036515 -0.030066 -0.050402
0.014120 0.005347 -0.016500
-0.011177 0.005783 0.100367
-0.009358 -0.064844 0.025073
-0.051186 0.055582 0.007430
-0.092527 0.036414 0.039642
0.024241 -0.021866 -0.046206
-0.106769 0.013833 -0.008761
-0.028981 -0.070916 -0.070761
0.011137 -0.101209 -0.028802
0.013989 0.019111 0.008930
-0.023882 0.041402 0.094099
0.005785 -0.021154 -0.037936
0.016409 -0.027093 -0.025480
-0.108096 -0.011017 -0.000333
-0.046505 -0.026309 -0.001739
-0.088887 0.056167 0.014131
-0.009219 0.023141 -0.009259
0.004266 -0.021173 -0.070172
-0.057548 0.014395 -0.029736
0.064474 0.014209 0.063739
0.008848 -0.020185 0.022579
0.025700 0.025723 0.045228
-0.012454 -0.007203 -0.079850
-0.137052 -0.019298 0.017655
0.120726 -0.098332 0.037253
-0.008503 0.004260 0.039432
0.006266 -0.020053 0.003400
-0.018477 -0.061520 -0.009236
0.010674 -0.009420 0.022544
-0.005151 -0.033845 0.018709
0.002029 -0.009581 0.016152
0.009742 0.077739 -0.132685
0.001476 0.035635 -0.129527
-0.074654 0.008123 -0.009199
-0.035736 -0.014025 -0.018067
-0.007636 -0.006327 0.002083
0.065279 0.014785 0.026069
0.012913 -0.019585 0.021606
0.010186 -0.056025 0.017728
-0.015601 -0.009616 0.004691
0.000277 -0.075309 0.159996
0.014368 0.036855 0.068655
-0.073367 0.029446 -0.103053
-0.002298 -0.011744 0.038718
-0.021287 -0.047752 0.005627
0.008478 -0.006643 0.072906
-0.004204 -0.013727 0.014071
0.015267 -0.022656 -0.068281
0.009574 -0.052241 0.154969
0.041282 0.015866 -0.101222
0.000669 -0.077617 0.212110
-0.078528 -0.060686 0.127602
-0.063029 -0.045854 0.029389
-0.075152 -0.019775 0.037583
0.011964 0.027835 -0.053572
0.024291 -0.016042 -0.081127
-0.026552 0.094488 -0.015257
-0.024982 0.003866 -0.098400
-0.080375 -0.079097 -0.295009
-0.006786 0.025730 0.084571
0.073362 -0.006531 -0.018085
-0.073261 0.020781 -0.031926
0.003081 -0.078383 -0.017147
-0.021811 0.019874 -0.001821
-0.023310 -0.006299 -0.012895
0.083493 0.008419 0.047266
0.015626 0.047884 -0.040265
-0.005035 0.003847 0.028244
-0.014155 -0.040258 -0.007915
0.021680 0.004202 -0.000544
-0.020794 -0.018686 -0.140635
-0.097703 0.042412 0.044119
0.004218 0.016091 0.032963
-0.153003 0.314731 -0.489397
0.020076 -0.046026 -0.171601
0.225644 0.067784 -0.605637
-0.044413 -0.138611 0.350930
0.080886 0.001014 0.032971
-0.009075 0.009681 0.103112
-0.006238 0.024720 0.071406
0.012230 0.048951 0.039857
-0.013040 0.052361 -0.064879
0.014637 0.156297 0.284568
0.146443 0.072756 0.103647
0.001552 -0.000555 0.005649
0.006310 0.007857 0.131092
0.045086 -0.015110 -0.125403
0.021715 -0.022232 -0.137607
0.002987 -0.004165 -0.079719
-0.021475 -0.002323 0.167864
0.058478 -0.031887 0.256652
-0.015957 0.029083 0.006942
0.050659 0.006644 0.023828
-0.000539 -0.007155 -0.048239
-0.029546 0.000495 -0.067756
0.016787 -0.012793 -0.047298
-0.082495 0.020801 0.005192
0.014292 0.012009 0.019178
-0.019587 -0.140040 0.035360
0.011419 -0.047818 -0.082754
-0.199700 0.025018 0.000382
0.005944 0.014629 -0.115928
0.069446 -0.136856 0.014683
0.058797 -0.041863 -0.070680
-0.018765 -0.004995 -0.026362
0.027165 0.024598 0.017501
-0.027944 0.018358 -0.106281
-0.005162 -0.017889 0.077611
-0.113900 -0.186169 -0.154203
-0.029805 -0.058654 -0.064385
-0.003275 -0.052286 0.019446
-0.174396 0.093081 -0.026167
-0.008253 -0.005349 -0.045276
-0.020821 -0.022086 0.016306
-0.006104 0.015451 0.008312
0.003829 -0.033106 -0.035270
-0.058901 0.199827 0.121738
-0.001892 0.044982 -0.018815
-0.013524 -0.006461 -0.016469
0.163092 -0.098866 0.081585
0.011565 -0.027298 -0.027131
-0.064975 0.044727 0.000400
0.018757 0.011360 0.083216
-0.005383 0.002303 0.028098
0.102680 -0.025793 0.046783
-0.065715 -0.016430 -0.024811
-0.008643 -0.027693 -0.061545
-0.073220 -0.058517 -0.296722
0.041545 -0.104453 -0.018126
0.007790 0.168089 0.053718
-0.200946 -0.008690 0.038255
0.124809 -0.016581 -0.018721
-0.029984 -0.021790 0.036978
-0.046004 -0.057021 0.019374
0.003886 -0.005117 0.039985
0.047046 -0.051999 -0.023750
0.005732 -0.043101 0.074391
-0.027632 -0.004633 0.089733
-0.036878 -0.002673 -0.017270
-0.000744 -0.001869 -0.031510
-0.143592 0.022282 -0.020508
0.013232 -0.046319 0.001324
-0.212625 -0.007685 0.018109
0.011270 -0.012420 -0.057495
0.037707 0.011485 0.030304
0.049660 -0.041151 0.021735
-0.162170 0.009933 -0.170361
-0.004017 -0.003218 -0.041113
-0.102685 0.059594 -0.007385
-0.124525 -0.002488 -0.031002
-0.034008 -0.077064 0.019156
-0.049672 0.000340 -0.006711
0.021703 0.032618 -0.064192
-0.060308 0.021613 -0.033603
-0.014733 0.006418 0.270869
0.077402 -0.231747 0.430009
0.021155 -0.091189 -0.143164
-0.034632 -0.045289 0.137874
-0.022366 0.015235 0.276882
-0.005381 0.038194 -0.061267
0.390333 0.002921 -0.032283
0.022513 -0.001830 -0.285332
-0.075958 0.017146 0.023879
0.000791 0.008747 0.173847
-0.142709 0.009425 -0.426001
-0.012653 -0.030982 -0.003687
-0.045969 -0.014841 0.001134
-0.012582 -0.007753 -0.055751
-0.007701 -0.018473 0.045217
0.006604 -0.007564 0.143668
-0.036635 -0.069678 0.024741
0.003692 0.078971 0.171055
0.020644 -0.011120 -0.011640
-0.017880 -0.013121 -0.011106
0.020635 -0.005864 -0.025586
-0.028850 -0.029492 -0.000348
-0.015978 0.041609 0.056616
0.011964 -0.340553 -0.338057
0.108369 0.060227 -0.525922
0.019106 0.002010 0.026787
-0.078797 0.363264 -0.603860
-0.027521 0.023865 -0.141259
0.006340 0.030540 0.278033
0.016552 -0.004541 0.072197
-0.001445 -0.001044 -0.011585
0.008452 -0.007421 -0.230654
0.038519 -0.006771 -0.019489
-0.030439 0.029497 -0.100912
-0.063408 0.040224 -0.009023
-0.020721 0.001688 -0.064753
0.020779 -0.019016 0.147611
0.056590 0.001762 0.081552
-0.008310 -0.011235 -0.226157
0.034168 0.036628 -0.103540
-0.000208 0.004999 0.341625
0.033222 -0.054029 0.177302
0.033101 -0.003743 0.000976
0.017672 0.003396 0.213642
-0.040049 -0.004445 -0.002560
-0.036362 -0.031851 0.007612
0.167267 0.020296 0.009666
0.248769 -0.097229 -0.000565
-0.505553 -0.080561 0.438528
0.022853 -0.026271 0.008619
-0.023015 0.004253 -0.270545
-0.132935 0.454224 -1.016113
0.045559 0.006928 -0.080975
0.042025 -0.010705 -0.012899
0.014675 -0.017019 -0.016075
0.020328 -0.054982 0.177175
0.016638 0.010790 -0.062731
-0.210639 0.059924 -0.036200
-0.011007 0.006483 -0.151746
-0.071600 -0.136553 -0.313069
-0.022053 -0.011977 0.020703
0.014476 -0.135101 -0.076919
-0.045009 0.007477 -0.006592
-0.009358 0.017991 0.010322
0.057303 -0.000936 -0.006456
-0.112241 0.002447 -0.051818
0.122351 -0.016980 -0.036821
0.012890 0.113449 0.080264
0.031620 0.049297 -0.003114
0.003218 -0.002745 0.078133
0.079916 0.063260 0.048305
-0.053619 -0.018585 -0.011702
0.041871 -0.071071 0.116679
0.023318 0.010698 -0.024979
-0.022951 0.044442 -0.008916
0.045644 0.017390 0.015246
0.055964 0.002799 0.321211
-0.008209 -0.029427 0.025211
-0.126040 -0.020974 0.044639
0.039349 -0.011480 0.031399
0.034846 -0.027150 -0.083841
0.019127 0.109032 0.084760
-0.006700 -0.071357 0.027966
-0.026812 0.003051 0.031013
0.351868 -0.331048 0.531944
-0.069430 -0.067389 -0.040246
-0.008406 0.012675 0.082922
-0.006188 -0.008630 -0.016234
-0.022595 0.014302 -0.067540
0.009580 0.029248 0.046917
0.022220 -0.064756 -0.017578
-0.005964 -0.019425 0.035093
-0.054482 -0.009165 -0.053065
-0.036476 -0.013117 0.055783
-0.206492 0.019297 -0.058882
0.014584 -0.005207 -0.032314
0.003029 -0.016673 -0.061384
-0.089006 0.015171 0.031533
0.027019 -0.039042 0.031684
-0.080122 0.009834 -0.010836
-0.018371 0.010981 -0.163886
-0.092826 -0.018344 0.049797
-0.026427 -0.031547 0.056797
-0.131664 -0.073787 0.032003
-0.025270 0.034078 0.038194
-0.152587 0.020540 0.021231
-0.002660 -0.171115 1.420724
-0.098211 0.029469 -0.002282
-0.042478 -0.171356 0.460897
0.294736 0.266172 -0.607602
-0.063680 -0.041296 -0.048250
-0.004149 0.001633 -0.101830
-0.075754 0.160312 0.164962
-0.024847 -0.001977 -0.334835
-0.003381 0.012318 -0.154410
0.042332 0.014742 0.016851
0.072127 -0.006319 0.046523
0.156283 -0.122555 0.417167
0.007706 0.044738 0.002754
-0.008309 -0.013008 0.107973
-0.007223 0.039603 0.008309
-0.016547 -0.005364 0.029274
-0.034707 0.024108 -0.073869
0.080356 0.054732 -0.028220
0.003250 0.010090 0.009749
-0.014349 -0.008079 -0.030729
-0.013122 -0.034654 -0.205923
-0.007439 -0.227179 -0.003561
-0.100355 -0.000993 -0.107378
0.027686 -0.010335 0.013542
0.003885 -0.016793 -0.237082
-0.004699 0.018287 -0.023737
0.060638 -0.023179 0.047038
0.109544 0.032250 -0.020033
-0.000345 0.003420 0.110721
0.028631 0.010550 0.337293
-0.015896 0.007947 0.281477
0.009575 0.001810 0.090455
0.033499 0.053803 -0.018122
-0.026499 -0.019064 -0.024140
0.000451 -0.006961 -0.028274
-0.142303 0.067900 0.054398
0.021532 -0.006082 -0.028542
-0.000915 -0.021303 -0.270741
0.000812 -0.024506 -0.024226
-0.091516 -0.058412 0.001188
-0.004959 0.007350 -0.013500
-0.119229 0.139666 -0.045769
0.046713 -0.048343 -0.072024
-0.000122 -0.013721 0.573895
0.020965 0.014404 -0.026711
-0.039225 0.005258 -0.025611
0.003344 -0.093725 -0.025638
0.012966 -0.009599 0.051701
0.013228 0.009578 -0.004503
0.083567 0.001481 0.043087
-0.401801 -0.233783 0.150041
0.046187 -0.004010 -0.022824
0.019567 0.106163 0.092825
-0.014570 -0.012593 -0.000482
0.020574 -0.026335 0.008432
0.118717 -0.013558 -0.104570
-0.067094 -0.037421 -0.007401
0.027018 -0.065107 -0.047329
-0.003190 -0.004515 0.199508
0.049553 0.030913 0.000265
-0.000926 0.005183 -0.066498
-0.134187 -0.202718 -0.330226
-0.124840 -0.036614 0.018029
-0.031868 -0.079606 0.022062
0.030562 -0.074966 -0.076832
-0.006930 0.030353 0.073116
0.040197 0.000836 -0.039524
0.004703 -0.008565 0.023894
-0.003938 -0.017549 -0.021397
-0.051868 -0.004718 0.012977
-0.377828 -0.001557 0.046736
0.015670 0.014601 0.094033
-0.086291 0.016721 0.057756
-0.127789 -0.003378 -0.029703
0.019857 0.006757 0.005641
-0.035046 -0.035841 -0.017148
0.043748 0.016312 0.031168
-0.049782 -0.133214 -0.031134
0.038365 0.088229 0.088179
-0.089055 -0.088531 0.009620
-0.026217 -0.009364 -0.898570
-0.003073 0.018893 0.064596
-0.020920 0.001901 -0.073116
0.049445 -0.004696 -0.006441
0.066063 0.110125 0.070157
-0.005389 0.093555 0.000875
-0.014197 -0.002881 0.089818
-0.073202 -0.009808 -0.065876
-0.029423 -0.025881 0.019678
-0.067380 0.039252 -0.038699
0.019455 0.050748 0.000283
0.106052 0.142677 -0.098468
0.010248 -0.016683 0.034568
-0.037900 -0.010624 -0.052814
0.005997 -0.010741 -0.329988
-0.000516 -0.008182 0.073276
0.065049 0.022811 -0.014719
0.050288 0.113494 0.076531
-0.015231 0.013638 -0.022918
-0.005015 -0.032559 -0.223347
0.017645 0.010701 0.176083
0.013721 0.012022 -0.055239
0.027446 0.077124 0.106001
-0.037627 -0.031133 0.017428
-0.022714 0.064005 0.036781
0.061448 -0.024291 -0.048634
-0.012851 -0.009243 0.011158
-0.000609 0.023610 -0.000689
-0.085326 -0.123399 -0.039405
0.035879 -0.013733 -0.043355
-0.035332 0.033445 -0.139095
0.037761 -0.067787 -0.015790
-0.089854 -0.018908 0.010274
0.158320 -0.213238 -0.039399
-0.031970 -0.084013 -0.042128
0.005988 0.009102 0.113035
0.095035 -0.039738 0.049572
0.061469 -0.027505 0.077368
-0.019071 -0.000942 -0.011780
-0.064098 0.207522 -0.020931
-0.001876 0.008740 0.021148
-0.000855 0.007902 0.153885
0.470063 0.234313 0.086715
0.090786 -0.049690 0.022506
0.054711 -0.034735 0.034162
-0.089895 -0.128296 -0.186764
-0.021267 0.025961 0.052122
0.108233 -0.014717 -0.103333
-0.094451 -0.020383 -0.059868
0.012985 0.039230 0.008144
-0.066614 -0.030374 -0.090569
-0.063049 0.036218 0.087676
0.047770 -0.013655 -0.004419
0.042261 0.076985 0.200732
-0.009048 0.117840 -0.021984
0.003762 0.070236 0.011437
-0.036202 -0.017086 -0.119800
-0.064161 0.012462 0.016483
0.009435 -0.087929 -0.069777
0.078012 0.000554 -0.068004
-0.011038 -0.021186 -0.039572
-0.288905 0.026466 0.019060
0.059480 -0.047199 -0.057782
0.036517 0.042134 0.168076
0.037493 -0.053172 0.262879
-0.112722 -0.041482 0.055629
-0.003328 -0.030083 0.047896
0.026171 0.054871 -0.108426
0.026668 0.007144 -0.022066
-0.112232 -0.011411 -0.005159
0.044283 -0.044033 0.034992
-0.034334 -0.087385 -0.066253
-0.031021 -0.000674 0.033334
-0.003858 -0.051634 0.027833
0.006442 0.018373 -0.054591
-0.096247 0.057936 0.002817
0.161179 -0.050644 -0.064424
0.093819 -0.075176 0.135335
0.239555 -0.132984 -0.058161
-0.088311 0.068210 0.082923
-0.010588 0.024463 0.156075
0.017352 -0.002676 -0.006953
-0.021170 -0.036557 0.002929
0.042940 -0.092863 0.100243
-0.091510 0.032159 0.080304
-0.032906 0.063705 0.127821
-0.011709 -0.038580 -0.037147
-0.001557 0.022826 -0.150842
-0.028938 0.005130 -0.000165
0.023801 0.026544 0.142471
-0.016165 -0.009380 0.020162
-0.011948 -0.011866 0.036747
-0.004426 0.014819 -0.019104
-0.072847 -0.041133 0.106536
0.018789 -0.003761 0.028552
-0.108311 -0.030465 0.033462
-0.020139 0.085605 0.001729
0.046729 0.093669 0.079235
0.049659 -0.084325 0.065869
-0.007552 -0.011530 -0.040715
0.022869 -0.025418 -0.026167
-0.070040 0.064547 -0.002074
-0.002530 0.012121 -0.044780
-0.000212 0.002811 -0.146152
-0.011728 0.008441 -0.034656
-0.159986 0.045106 -0.071695
-0.012749 -0.050854 -0.005711
0.104372 -0.062471 0.044177
0.021328 -0.035334 -0.143257
-0.065441 0.024346 -0.021440
0.030395 -0.038243 -0.082559
0.010754 -0.021008 0.087452
0.020472 -0.017745 -0.075666
-0.038473 0.005539 -0.001420
0.005983 0.011405 0.130809
-0.153083 0.033056 0.007243
-0.008170 -0.057107 -0.020503
-0.006286 0.120267 -0.139660
0.014851 -0.014125 0.047425
-0.021310 0.024624 0.030836
0.046117 0.019894 0.069857
0.034402 -0.101676 -0.029736
0.018367 -0.021677 -0.029786
-0.141430 0.102682 -0.027287
0.005976 0.021060 -0.005807
0.052149 -0.088745 -0.054209
-0.059223 -0.030493 0.005492
-0.066580 -0.053242 -0.006015
0.012693 -0.104505 0.016742
-0.021253 0.012196 -0.013730
0.002714 -0.014700 -0.013089
0.004676 -0.005065 0.052451
0.046425 0.020440 0.090581
-0.065892 0.016576 -0.000884
-0.013575 0.007586 0.024226
-0.033122 0.047407 -0.069741
-0.081093 -0.003824 0.095825
-0.012893 -0.038435 -0.045522
0.002787 -0.030874 -0.040459
0.001581 -0.023163 0.000275
0.012144 -0.022290 -0.135459
-0.027280 -0.026157 0.056946
0.057142 -0.072448 -0.020828
-0.061721 0.050129 0.025813
0.136104 -0.087828 0.005738
0.057437 0.004476 -0.011446
0.053640 -0.037508 0.023835
-0.050622 0.024532 -0.182961
0.061742 -0.062290 0.001023
-0.046009 -0.095491 0.163052
-0.005358 -0.071491 0.104706
-0.012704 -0.104031 -0.036921
-0.001729 0.025881 -0.007786
0.006451 0.003877 0.101716
-0.208140 -0.016526 0.413529
-0.005614 -0.048981 0.200154
-0.012828 -0.004254 -0.057532
0.009499 -0.027184 -0.027069
0.018692 0.153499 -0.156985
0.000552 0.013809 0.075617
0.079440 0.031120 -0.268574
0.002182 -0.020417 -0.150689
0.003561 -0.003157 0.064029
0.012325 0.041204 0.048660
0.058488 0.145621 -0.348811
0.090594 0.027097 -0.073739
-0.018669 0.014814 0.074754
0.001097 0.034906 0.271874
-0.002510 0.022290 0.014083
-0.038622 0.118808 0.058109
0.041737 0.010432 -0.039574
-0.028859 -0.016385 0.024313
-0.063065 -0.274243 0.363876
-0.068550 0.049217 0.049689
0.098169 -0.010567 -0.007778
-0.094116 -0.134144 0.026943
-0.009160 0.035575 0.018430
-0.001912 0.008085 0.205249
-0.052938 -0.034369 0.008927
0.035307 0.069092 -0.196823
-0.016699 0.016073 0.010076
0.016955 0.007993 -0.036448
0.022588 -0.043048 -0.017242
0.022613 0.093076 -0.033199
-0.049379 -0.000104 0.155310
-0.003262 0.039642 -0.169215
-0.038735 -0.016482 0.006359
-0.041135 0.010101 0.065106
-0.004791 -0.012858 -0.073331
0.016016 -0.024055 -0.011758
-0.012100 -0.010698 0.031044
-0.017430 0.019241 0.073380
-0.152780 -0.042837 -0.004508
-0.021953 -0.005629 0.038394
-0.042081 -0.034779 0.103782
0.031083 0.012305 -0.018973
0.018026 -0.009989 -0.082130
-0.028651 -0.055947 0.039361
-0.021508 0.002009 0.121868
-0.355251 -0.039903 0.157287
-0.103076 0.062444 -0.261647
-0.034175 0.002177 -0.009341
-0.014633 -0.060416 -0.050666
-0.059892 0.027435 -0.021539
0.005394 -0.039616 0.032730
0.011844 0.013057 -0.114789
-0.035727 -0.000786 0.062364
-0.058924 0.040081 -0.206822
-0.007596 -0.087145 -0.001412
-0.091573 -0.034618 0.052189
0.030807 0.126398 0.144582
-0.144552 -0.035017 0.026121
-0.050279 0.018688 0.020798
-0.072952 -0.010881 0.066674
-0.050734 0.011785 0.098740
0.007503 -0.056515 -0.037143
-0.030433 -0.033362 -0.024673
0.059898 -0.054025 0.038516
0.033327 -0.033071 0.013639
-0.108178 -0.032128 -0.058975
-0.034519 -0.000069 -0.022483
0.004688 0.010136 -0.090426
-0.027957 -0.023334 0.075774
-0.151995 0.006085 0.039594
-0.121080 -0.012995 -0.035035
0.040423 -0.004667 -0.011815
0.093002 0.004895 0.016289
0.110330 -0.042979 -0.017193
0.042133 0.013853 0.043978
-0.001509 -0.027131 0.079155
-0.036683 -0.048979 0.174532
0.060661 -0.010385 0.010551
0.001877 0.012373 0.033816
0.154955 -0.016883 -0.155990
-0.078022 0.062901 -0.053079
-0.043628 -0.007492 -0.053165
-0.007171 -0.038744 0.029054
0.239938 -0.105469 -0.038720
-0.216915 0.025291 0.044405
0.028084 -0.017704 -0.005303
0.155462 0.030299 -0.000709
-0.037026 0.043218 0.040069
-0.124011 0.009259 0.009746
0.050186 -0.006629 -0.045377
0.101426 0.044606 0.048982
0.062601 -0.015223 0.045535
0.158512 -0.052979 0.068655
-0.123168 -0.039358 0.183248
0.061529 -0.068307 0.118772
0.082629 -0.025134 -0.126823
-0.036159 0.007538 0.027092
-0.076223 -0.023715 0.099867
-0.244122 -0.024045 0.054295
-0.009983 0.022735 -0.035984
-0.012266 -0.008547 -0.034643
-0.001907 -0.015637 -0.009442
0.006766 0.031565 -0.004104
-0.027203 -0.031293 -0.020233
0.064348 -0.034269 0.060895
-0.051348 0.032593 -0.061076
0.049062 -0.009955 0.005436
-0.024754 -0.015251 -0.053031
-0.033513 0.020515 0.172427
-0.028618 -0.046933 0.074484
-0.019974 -0.041191 0.031066
0.008517 -0.002742 0.039261
0.051788 -0.122508 0.077422
-0.025345 0.176691 -0.119455
0.030334 0.001207 -0.100658
0.020301 -0.161223 0.138684
-0.012939 -0.051105 -0.005968
-0.048262 0.055230 0.155090
-0.004149 0.022695 -0.073031
-0.050065 -0.015803 -0.127273
-0.051506 -0.033244 0.099417
-0.103727 0.024867 -0.026884
0.049835 0.121494 -0.025983
0.212384 -0.016383 0.038881
0.052642 -0.063826 -0.085713
0.059252 -0.017900 0.032513
-0.112008 0.098738 -0.183756
-0.361798 -0.000640 -0.005484
0.001239 0.037283 0.090394
-0.028009 0.042142 -0.024327
0.027617 -0.028902 -0.161314
0.222752 -0.082739 -0.024804
-0.000347 0.033623 -0.052936
0.053972 -0.030739 0.001223
0.484673 -0.084769 0.007010
0.119078 -0.028970 -0.064648
0.005387 -0.062253 -0.056030
0.183831 -0.101392 0.006015
-0.206501 0.026759 0.011394
-0.119994 0.050068 -0.036204
0.237019 0.039221 -0.047912
-0.119337 0.024978 0.006627
-0.119543 0.039037 -0.132631
0.096042 -0.008827 0.053664
-0.091775 0.008879 -0.036262
-0.105156 -0.063892 -0.129271
0.315265 -0.086496 -0.092123
-0.077224 -0.028505 -0.090499
-0.328562 0.104855 -0.050732
-0.055057 0.005282 0.061468
0.044828 0.022248 0.110602
-0.055853 0.033211 -0.127890
0.033815 -0.015385 0.017438
-0.019483 -0.049469 -0.033041
-0.104217 -0.033016 0.064501
-0.034287 0.049149 0.026611
-0.065109 0.076185 -0.038672
-0.235023 -0.015355 0.024049
0.027326 0.029086 0.235727
0.031165 -0.020931 0.063180
-0.029232 0.026762 -0.208463
0.004182 -0.021173 -0.098167
-0.202296 0.114056 -0.158834
0.022158 -0.009327 -0.019669
0.002523 -0.028835 0.023640
0.239890 0.021955 -0.026046
-0.089014 0.013619 0.018034
0.018920 0.015227 0.081599
-0.066843 -0.026838 0.118751
0.043169 0.004499 0.008291
0.036173 -0.047352 0.006015
0.007855 0.024108 0.029089
-0.043381 -0.068190 0.010548
-0.048446 0.001745 -0.053300
-0.012847 0.038511 0.093928
-0.242957 0.042160 0.126837
0.033794 -0.012359 0.046962
0.173560 0.109154 0.041281
0.083609 -0.070583 -0.028769
-0.002860 -0.006560 0.074141
0.036670 0.019725 0.019547
-0.000665 0.069849 0.033652
0.001115 0.015881 -0.078405
-0.024122 0.020601 -0.006548
-0.048948 -0.028911 -0.029159
0.051570 -0.003273 0.088000
0.162320 0.093050 0.084626
-0.039605 0.020927 0.025471
-0.032609 -0.001442 -0.031124
-0.056862 -0.057991 0.193877
0.022541 -0.005832 0.009497
-0.019923 0.090642 0.110728
-0.018431 -0.033844 0.072831
-0.078714 -0.068256 -0.141916
-0.161203 0.013915 0.011465
-0.095476 0.081684 0.007639
0.113584 -0.008919 0.002522
0.134770 0.023264 0.017074
0.097205 0.194753 0.002041
0.050293 -0.016250 0.004111
0.006825 -0.006524 0.003053
0.031026 -0.077965 0.103949
-0.103615 0.008339 -0.016247
-0.221999 -0.029090 -0.060336
0.025023 -0.052652 0.066422
-0.051585 0.039053 0.066483
0.011680 0.017132 -0.047190
-0.014970 0.009740 0.006271
0.005384 0.011781 -0.021861
-0.091783 -0.011533 -0.007294
-0.287834 -0.005124 0.004859
0.055027 0.023566 0.008610
0.004267 0.035359 -0.097764
-0.046420 0.025100 -0.102668
0.013314 0.068613 -0.067480
-0.125245 0.100039 -0.042844
-0.009502 -0.034368 -0.052595
-0.012851 0.024139 -0.004855
0.090325 0.012619 -0.040898
-0.142632 -0.038428 -0.039444
-0.348962 -0.014705 0.072471
-0.105470 0.039089 0.014582
-0.482598 -0.051993 0.067875
0.142501 -0.024885 -0.006508
0.228731 -0.117434 0.021574
-0.103138 0.001343 0.193161
0.113788 -0.085339 0.178455
0.025446 0.031050 -0.141657
0.399916 -0.014901 0.005527
-0.084126 0.088810 -0.112075
-0.549491 0.005790 -0.030246
-0.211800 0.007722 -0.011900
-0.098145 -0.021690 -0.109111
0.089236 0.044958 -0.048853
-0.085680 -0.087238 0.085820
0.024897 -0.007504 -0.060637
-0.025235 -0.022147 0.023627
0.048158 -0.078452 0.035471
0.338844 0.124086 -0.113292
-0.017046 0.007527 0.088857
-0.433350 0.027752 0.016212
-0.026360 -0.010319 0.013449
0.003194 -0.062728 -0.068193
-0.220659 0.144565 -0.060105
-0.051456 0.008700 0.059701
-0.154974 0.013609 -0.066502
0.270910 -0.009833 0.019981
-0.104785 -0.189370 -0.002983
0.032360 0.014814 0.036260
-0.035343 -0.029772 0.009708
-0.149264 0.038957 -0.038396
0.119999 0.030936 -0.009706
0.015078 -0.066462 -0.079871
-0.020453 -0.033029 -0.077441
0.039984 -0.065989 -0.024251
-0.556901 0.037841 -0.000149
0.309953 -0.021966 0.019207
0.072670 -0.001612 -0.033438
0.042118 -0.033004 0.055656
0.008177 0.006453 -0.031489
0.009447 -0.031142 -0.128314
-0.071594 0.016960 0.058824
0.003902 -0.030195 0.009222
-0.014089 -0.044508 0.021537
0.205932 0.195115 0.254261
0.122300 -0.044193 0.009643
0.062495 -0.041186 -0.009644
0.020465 -0.067050 0.043280
-0.008220 -0.013863 0.138407
0.018294 0.043534 -0.111443
0.045006 -0.029846 0.169204
-0.011146 -0.023725 0.037722
0.016139 -0.116427 0.043848
-0.052954 -0.042050 -0.024847
0.028930 -0.068958 -0.002803
0.107765 0.016548 -0.061106
0.024069 0.023294 0.041738
-0.034629 0.018027 0.049021
-0.080121 0.025695 0.041977
0.035216 0.019013 -0.154179
0.008466 -0.033689 -0.033950
0.014881 0.024044 -0.077018
-0.039937 -0.007276 0.019979
-0.036858 -0.007158 0.036345
-0.346454 -0.014268 0.047229
-0.062671 -0.232477 -0.042541
0.069984 -0.018958 0.013764
0.061175 -0.010170 0.020749
-0.011634 -0.019937 -0.004974
-0.394178 -0.028388 0.039965
-0.073945 -0.034457 -0.001125
-0.099716 -0.027898 0.036602
-0.149731 -0.017757 0.028633
-0.131434 -0.016580 -0.002808
0.028297 -0.035902 0.004553
0.070396 -0.149131 -0.093951
0.012781 -0.024781 -0.003122
-0.224955 0.036016 0.048157
-0.533092 -0.017753 0.024784
0.199274 -0.086516 0.023001
-0.197810 0.061755 0.012376
-0.124268 0.022225 -0.002614
-0.022282 0.038599 0.039360
-0.037861 -0.018579 0.036636
0.466541 0.049972 0.155389
0.194862 0.004650 -0.036258
-0.009277 -0.013108 0.005349
-0.153767 0.008285 0.037470
-0.049769 0.057670 -0.085206
-1.160687 0.168191 -0.147283
-0.140699 -0.022250 -0.016589
-0.030195 0.007782 -0.069988
-0.018808 -0.005878 -0.141030
0.022403 -0.026824 0.008286
-0.073647 0.013273 0.008863
-0.101641 -0.031301 0.061506
-0.293615 0.172977 -0.000522
0.108571 0.013050 0.003135
0.126430 0.081656 0.089898
0.087409 -0.038104 0.015817
0.003717 -0.006736 0.025582
-0.015613 0.076263 -0.078625
0.001931 -0.034941 0.072864
-0.163470 -0.019412 -0.055883
-0.022201 -0.006115 0.017927
-0.305260 0.029483 0.042246
-0.107790 0.004014 -0.058458
-0.004709 -0.006865 0.044187
0.012047 -0.034686 -0.121656
-0.023856 -0.011549 -0.093308
0.003188 -0.013709 0.039760
0.120845 0.069509 0.020561
-0.019778 0.238897 0.176481
-0.022667 0.036958 0.009095
0.011123 -0.011617 0.112219
0.056518 -0.012797 0.011550
0.020747 -0.044544 0.185191
0.121546 -0.139904 0.058157
-0.039118 0.004752 -0.041011
-0.100537 -0.075052 0.061161
-0.070990 -0.023802 0.129197
0.028910 -0.025558 0.040856
-0.354887 -0.024782 0.005380
0.023822 -0.015625 0.018988
-0.030871 -0.009265 -0.011428
0.044232 -0.081110 0.101940
-0.055360 -0.126484 -0.064654
-0.040058 -0.039675 0.041980
-0.012691 -0.028507 -0.065264
-0.127542 0.039939 0.080498
0.287719 -0.042186 -0.017730
-0.088226 0.131042 -0.032508
0.108081 -0.165295 -0.096310
-0.004710 0.029358 0.028292
-0.020722 0.008348 -0.008597
-0.006678 0.024330 0.052471
-0.114154 -0.022407 -0.110042
-0.185849 0.073027 -0.050891
0.440640 -0.016401 -0.061949
0.244893 -0.011239 -0.007456
0.150332 -0.017503 -0.019748
-0.034800 -0.047215 0.086636
0.035400 -0.095587 -0.044838
0.024070 0.065031 0.000054
0.003281 -0.015002 -0.049395
0.213781 -0.023240 -0.043564
0.076654 0.063385 -0.066939
-0.085804 -0.077139 0.087753
0.049416 0.004191 -0.021400
-0.138660 0.035360 0.013908
-0.369462 -0.044718 -0.060800
0.052157 0.047323 -0.007477
0.092088 -0.034383 0.018307
-0.086724 -0.101230 -0.032560
-0.213637 -0.007202 -0.018067
-0.037851 -0.048694 -0.013033
-0.088216 0.002936 0.021802
-0.376658 0.127671 0.015512
0.078976 -0.008223 -0.049121
-0.043766 0.017167 -0.067996
-0.000140 -0.001650 0.164070
-0.022746 0.008086 0.021799
-0.054599 0.042293 0.047574
-0.146004 0.016855 -0.047033
0.071351 0.061478 -0.039918
-0.063739 -0.017301 -0.032167
-0.134155 -0.098437 -0.073917
0.060550 -0.148221 -0.025670
-0.010632 -0.055604 0.063140
0.196986 -0.058618 0.043703
0.680904 0.020774 -0.039073
-0.246967 -0.010712 0.060484
0.038231 -0.006525 0.047874
0.000400 0.085487 0.089994
0.057137 -0.042321 0.096386
-0.048736 -0.010131 -0.029678
-0.015057 -0.008248 0.010324
-0.113526 -0.006492 0.012637
-0.439675 0.011540 -0.006058
-0.054699 0.235316 0.185291
0.078931 0.001458 -0.011800
0.106272 0.014035 0.032618
0.009680 0.027333 -0.054752
-0.018561 -0.031009 0.115863
0.040555 -0.010952 -0.065298
0.000894 -0.035208 0.034443
-0.038980 -0.149028 0.013438
-0.043768 -0.011646 -0.022894
-0.142106 -0.027947 -0.014086
0.019544 0.018662 -0.006525
-0.014758 -0.147186 -0.087605
-0.041565 -0.026681 -0.097078
0.032711 -0.018538 -0.093570
0.009761 0.034514 0.041069
-0.054492 -0.099599 -0.018507
0.086436 -0.156951 0.017474
-0.078244 -0.038535 -0.064457
-0.107065 -0.008717 0.051017
0.229209 -0.215031 0.064438
0.228654 -0.100466 0.030037
-0.045843 -0.071035 -0.044355
-0.937608 0.057247 0.033970
-0.222165 0.003444 -0.007489
-0.255618 -0.059988 0.105112
0.109607 -0.019170 0.026512
-0.059943 0.160679 0.020254
0.099672 0.100230 -0.084485
0.021977 0.027269 0.100514
-0.005048 0.017307 0.028493
-0.146561 -0.056315 -0.039416
-0.198365 -0.082918 -0.054529
-0.024107 -0.002197 -0.014032
-0.095621 0.037521 -0.052527
-0.479151 0.167119 -0.071724
-0.004189 0.006619 -0.036945
0.022753 -0.041015 -0.136196
0.078500 0.097815 0.055768
-0.155678 -0.034261 0.012100
0.120608 -0.046116 -0.009137
-0.166739 0.001223 -0.080925
-0.128180 -0.000819 -0.051512
0.008205 0.021743 0.089914
-0.099216 -0.033193 0.005292
-0.010381 0.005935 0.000785
0.080290 0.004469 -0.039816
0.042900 0.003916 0.185107
0.036844 0.010541 0.129468
-0.036627 0.024167 0.037123
-0.015234 -0.030372 -0.068516
-0.171351 -0.034978 -0.031777
0.289761 0.344921 0.210685
0.035886 0.008285 -0.049754
0.120787 0.053300 -0.203590
0.086878 -0.021413 0.009251
0.115118 -0.059580 0.122466
-0.058351 0.060118 -0.078633
-0.014722 -0.010110 -0.166503
-0.007816 0.016926 -0.036862
-0.064586 -0.002034 0.088740
0.005027 -0.016131 -0.047267
-0.106869 -0.008611 -0.016420
0.037261 -0.002815 0.145066
0.017280 -0.044067 -0.027126
-0.330003 0.098182 -0.031003
0.030210 -0.039598 -0.083269
0.057878 -0.110917 -0.054855
-0.037090 0.030635 -0.081878
-0.130212 -0.048658 -0.021603
0.276129 0.003261 -0.023184
-0.002083 0.007329 -0.009940
-0.069715 0.098252 0.003337
-0.023817 0.022382 -0.013771
-0.076047 0.007672 0.063442
0.227517 -0.079692 -0.010335
0.033032 -0.089631 0.004492
-0.077646 -0.064668 0.002837
-0.330240 -0.002194 -0.066964
0.019888 0.130442 0.009016
0.037017 0.042498 0.043013
-0.044021 -0.019278 0.000787
-0.148926 -0.074066 0.036492
-0.752817 -0.002292 -0.094476
-0.032512 0.004453 -0.004302
0.725159 -0.032619 0.107794
0.057318 -0.033586 0.011054
0.008102 0.021479 0.036263
-0.012249 -0.023068 0.044528
0.009173 -0.009823 0.043574
-0.021769 0.007566 -0.035495
0.015630 -0.015398 0.050424
-0.057206 0.058962 -0.071014
0.038174 0.004513 -0.029393
0.018233 -0.024809 -0.113875
-0.072748 -0.051763 0.005970
0.276142 0.061472 -0.030531
-0.002547 0.077675 -0.144889
0.042228 -0.013537 -0.016344
-0.019943 -0.022982 -0.015305
-0.075494 -0.000721 0.036426
-0.089923 0.012943 -0.057282
-0.005926 0.002316 -0.024962
-0.158310 0.041928 -0.086170
0.050756 -0.049229 0.124977
0.052508 -0.014007 -0.009967
0.034913 0.001323 0.022173
-0.034276 -0.040472 0.010736
-0.012978 -0.011118 0.121801
-0.049243 0.068112 -0.200878
-0.087737 0.040658 0.002170
0.026767 -0.088105 -0.060455
0.017267 -0.099200 -0.023883
-0.043373 -0.006440 -0.051137
-0.076672 0.071101 -0.004420
0.006345 -0.013447 0.095334
0.021709 -0.029986 -0.043192
-0.086879 0.001378 -0.017395
-0.118375 0.030609 -0.039616
-0.053775 0.025283 0.071634
-0.043153 -0.037988 0.067094
-0.044842 0.112472 -0.019491
0.086086 0.004765 0.002419
-0.013435 -0.067920 -0.020071
0.023201 0.034890 0.253773
-0.004306 -0.042845 -0.002063
0.019085 -0.005008 -0.038310
0.055867 0.026640 0.058457
0.035562 0.018645 0.012843
0.084597 -0.055127 0.034220
0.110618 0.032826 0.051522
0.152185 -0.036078 -0.038028
-0.034916 -0.014925 -0.031089
-0.053257 -0.056213 -0.047741
0.039674 0.005382 0.036532
0.018904 -0.080212 -0.047715
-0.069068 0.011394 -0.178648
0.003144 -0.021270 -0.014085
-0.036636 0.016235 0.032562
0.059363 0.038305 0.028952
-0.163523 -0.047796 0.026225
-0.087582 -0.039994 -0.039232
0.017920 -0.065527 0.042414
0.075741 0.010591 0.086059
0.100852 -0.007035 -0.115572
-0.041583 -0.008875 0.034710
-0.084066 0.120532 -0.051529
-0.058413 -0.082588 0.068248
-0.188324 0.024769 -0.003971
0.009434 -0.014582 -0.051461
-0.168600 -0.085880 0.045345
0.081625 0.017118 0.070299
0.004132 0.010912 -0.187298
0.002545 -0.010517 -0.115495
-0.139539 0.106996 -0.257092
0.028361 -0.030839 0.030017
0.109758 -0.028978 0.077481
-0.014734 -0.002390 -0.143235
-0.016951 -0.017293 0.054512
-0.052944 0.026447 0.009475
0.004980 -0.066458 0.030753
-0.070260 0.395843 0.162343
-0.065103 0.001598 0.019883
0.127720 0.052864 -0.285257
0.063537 -0.007131 -0.068350
0.075466 0.013399 -0.020458
-0.020158 -0.041256 0.005195
-0.007278 0.002554 -0.136998
-0.029576 0.017833 0.062493
0.048023 0.049820 0.164952
-0.137279 -0.018315 0.061164
0.050891 -0.047605 -0.007032
-0.059274 0.074906 0.029633
0.081836 0.004894 -0.019391
0.089651 -0.035680 -0.080210
-0.025881 0.014733 -0.109275
0.035337 0.000920 -0.013861
-0.111522 -0.016777 -0.009030
-0.113951 -0.198799 0.030221
0.286955 -0.006012 0.090331
-0.145210 0.010018 -0.017167
0.157611 0.244432 0.022237
0.039433 0.013053 -0.088405
-0.023731 0.005738 -0.035408
0.010423 -0.021214 -0.070977
0.014777 -0.017559 0.020215
-0.061991 0.059633 -0.038719
-0.018684 0.033999 -0.008337
0.019746 -0.069732 0.106066
0.005786 -0.038163 -0.029575
0.017993 -0.024857 -0.005630
0.007959 -0.010559 0.015368
-0.030617 -0.040611 0.048113
0.006284 -0.068530 0.175725
-0.024218 0.053186 0.017390
-0.014827 -0.158783 -0.040530
0.105329 -0.074433 0.073805
0.025645 0.026613 -0.068242
-0.015912 -0.016782 0.009316
-0.016271 0.018666 -0.055784
-0.064299 0.012073 0.053572
0.052939 0.039105 0.089871
-0.006784 -0.002443 0.034173
0.065069 -0.050288 0.132113
-0.080331 0.109912 0.091859
-0.043521 -0.034046 -0.117140
-0.009142 0.007767 -0.036885
0.167958 -0.002641 -0.091674
-0.011321 -0.045426 -0.031402
-0.059647 -0.006439 -0.066454
-0.102249 -0.039561 0.113890
0.055480 -0.050808 -0.033452
0.005131 -0.027465 -0.024227
-0.007946 0.032947 -0.012240
0.000595 -0.024804 -0.047331
-0.119099 -0.020864 -0.016898
-0.013060 -0.024830 0.043883
0.118365 -0.069509 0.048363
-0.001732 -0.044828 -0.088562
-0.004190 -0.037094 -0.054335
-0.085807 0.003603 0.030492
0.032108 -0.024582 -0.045859
-0.001313 0.001843 0.109434
-0.138138 0.084311 -0.005016
-0.092402 0.036402 -0.034835
0.098436 -0.003865 0.042356
-0.338816 -0.106092 0.058172
0.002898 0.011231 -0.044622
0.175255 0.024257 -0.132189
0.019274 -0.134860 0.000685
-0.045452 -0.024222 0.059541
-0.143896 0.019891 -0.034117
-0.116840 -0.013501 -0.027461
0.018371 -0.054335 -0.051765
-0.010175 -0.022496 -0.016522
-0.013400 -0.027151 0.020093
0.039972 0.018138 -0.052252
0.065136 0.001079 -0.066544
-0.077440 -0.025468 0.005504
0.038675 -0.091648 -0.032454
-0.029451 0.063917 -0.024095
0.002813 -0.037612 -0.003272
-0.051754 -0.038952 0.030544
-0.020124 -0.035584 -0.050292
-0.048714 -0.019541 -0.007971
0.040875 -0.025614 0.037980
-0.281917 -0.153935 0.006083
0.006549 0.008509 0.024823
-0.056122 0.019847 0.009817
-0.023681 -0.016795 -0.001303
0.046434 -0.106754 0.125941
0.003237 -0.054834 -0.006959
0.005587 -0.003044 -0.040035
-0.075101 0.011035 -0.039096
0.014449 0.031498 0.034809
0.040269 -0.027141 -0.044468
-0.004427 -0.009638 0.041946
-0.006979 -0.037282 0.090859
-0.111020 -0.037274 -0.030882
0.064488 -0.028911 0.084998
0.019166 -0.068823 -0.046622
-0.135216 -0.010168 0.018651
-0.033442 0.007708 0.090360
-0.003299 -0.014250 -0.002419
0.005167 -0.034934 0.017548
0.010378 -0.000187 -0.019607
-0.037302 0.031380 -0.101447
-0.126999 -0.032019 -0.025043
0.016658 0.038108 -0.086799
-0.036342 -0.005207 0.050704
-0.045842 -0.016085 0.032285
-0.018767 -0.016004 -0.003209
-0.032302 0.001372 0.014612
0.046332 -0.079253 -0.033948
-0.023253 -0.051199 0.181360
-0.116612 -0.020922 -0.261616
-0.077846 0.000789 0.042907
0.142762 0.018315 0.006074
-0.110606 0.010231 -0.006851
-0.070240 -0.009687 0.022867
-0.034668 0.021689 -0.067408
-0.016486 -0.009952 -0.024439
-0.015150 -0.018747 0.024236
0.030598 0.070436 -0.047693
0.007396 -0.002638 0.041908
-0.008100 0.094928 0.122905
-0.078706 -0.021708 -0.025176
-0.038741 0.033800 -0.157287
0.005263 -0.012319 -0.049050
-0.055884 -0.022556 -0.062190
-0.137122 -0.000699 -0.020033
0.028014 0.034319 0.081192
-0.032824 -0.055964 0.001076
0.021416 -0.070664 0.007506
0.072065 -0.046916 -0.040147
0.008527 -0.033363 0.002188
0.040793 0.002663 -0.035459
-0.429636 -0.075265 -0.001239
0.028007 0.017444 0.025556
0.036308 -0.004044 -0.075895
-0.169363 0.019703 -0.188725
-0.201853 -0.015301 -0.014671
0.003561 -0.053863 -0.009278
0.059833 -0.067992 0.079184
-0.011738 -0.001797 0.021502
-0.067462 -0.034957 0.028597
-0.000627 -0.002555 -0.019638
-0.059474 -0.037504 -0.088174
0.035007 -0.004891 -0.063333
0.016003 -0.034059 -0.070570
-0.018822 -0.064346 -0.046431
-0.084738 -0.021365 -0.058196
-0.013207 -0.009448 -0.026873
0.096687 -0.043068 -0.045699
-0.024787 0.005548 -0.013420
-0.013827 -0.007516 0.051358
-0.017520 -0.123097 0.078487
-0.000307 0.009688 0.048000
0.034500 -0.000901 -0.005903
0.096159 -0.103922 -0.007332
-0.010972 -0.020226 -0.018862
0.027544 -0.020649 -0.022372
-0.030148 0.016836 0.019384
0.015692 -0.045270 0.103074
-0.081882 -0.048120 -0.023394
0.048450 0.151551 -0.045977
-0.032019 -0.001050 0.018392
-0.037886 0.007092 -0.072944
0.022754 -0.046360 0.015564
-0.087310 0.037902 -0.044193
0.087388 0.059749 -0.085821
-0.174439 -0.053381 -0.046746
-0.045824 -0.036265 -0.012999
0.020071 -0.017532 -0.002155
0.045972 -0.087798 -0.038416
-0.001885 0.013705 0.076679
-0.019072 -0.001524 0.015264
-0.025458 0.006512 -0.104122
-0.062633 -0.004808 -0.039985
-0.018616 0.009031 0.032818
-0.048411 -0.039267 0.057060
-0.056673 -0.028051 0.017919
-0.019971 -0.044655 -0.022727
-0.008630 -0.097697 -0.003173
-0.018170 0.005702 0.027209
-0.080643 -0.030015 -0.096742
-0.001303 -0.050981 -0.267265
0.410899 -0.134182 -0.053787
-0.192557 0.026408 -0.084606
0.038594 -0.004835 0.000525
-0.050429 -0.008586 -0.000410
-0.011400 0.018652 0.056855
0.007383 0.006689 -0.002292
0.002562 -0.002135 -0.030243
0.026687 -0.051899 -0.025995
-0.003539 0.004765 0.009412
0.016426 -0.006653 0.090167
0.005649 0.100097 0.262018
0.011975 -0.022332 0.048783
-0.023954 0.018308 0.004165
-0.012750 0.007729 -0.054406
-0.043919 -0.000716 -0.038020
-0.130665 0.023659 -0.031596
0.019401 -0.033056 0.002902
0.022113 -0.027930 -0.028342
-0.030141 0.022817 -0.041905
-0.218547 -0.038896 -0.031640
-0.036196 -0.050155 0.003211
0.123538 -0.041076 -0.059331
0.029486 -0.008024 0.036957
0.044638 -0.019387 0.008312
-0.013926 0.022430 -0.173032
0.098056 -0.038332 -0.020590
-0.117996 0.104275 0.205605
-0.017472 -0.090493 0.020965
-0.101238 -0.035799 0.004303
0.047989 -0.049216 -0.041201
-0.115400 0.016400 -0.089221
-0.008127 -0.004315 -0.015797
0.014588 0.010132 0.001823
-0.002346 0.019277 -0.156712
0.002553 -0.029377 0.042997
-0.149164 0.088762 -0.009866
0.104715 0.014962 -0.037967
-0.010752 0.011935 0.007230
-0.069754 0.023590 0.025960
0.040529 -0.068502 -0.060240
-0.107343 -0.019808 -0.064418
0.056630 -0.039457 0.014591
0.011326 -0.001601 -0.040685
0.005880 0.013720 0.015298
-0.143062 -0.029026 -0.005246
-0.027670 -0.115980 -0.071428
0.076841 -0.017836 -0.009794
0.070705 0.012935 -0.046292
-0.283684 -0.063380 0.005576
-0.095303 -0.187112 -0.094586
-0.022432 0.023089 -0.029930
-0.055452 -0.017140 -0.019222
0.141710 0.022354 0.069038
-0.056924 0.052994 -0.125301
0.025761 -0.024372 -0.235469
-0.207754 0.079360 -0.020860
-0.125509 -0.016374 -0.055609
-0.023853 0.048259 -0.006763
-0.066067 -0.010933 0.024461
0.197910 -0.024813 -0.084877
-0.022563 0.059258 0.143026
0.023267 -0.011891 0.215540
0.055771 -0.028957 0.133595
-0.008129 0.045182 -0.009357
-0.266241 0.056077 -0.041280
-0.006760 -0.016191 0.033987
-0.013052 -0.013339 -0.071533
-0.038210 -0.068304 -0.024366
-0.008231 0.043605 -0.034438
0.023631 0.008015 -0.033571
-0.137955 -0.023082 0.032088
0.027325 -0.032932 -0.015077
-0.032597 -0.024564 -0.044998
-0.021089 0.004764 -0.072848
-0.007532 -0.018297 0.041266
-0.071239 0.070567 -0.050610
-0.127780 0.003974 -0.003209
-0.083388 -0.083671 -0.079467
-0.011683 -0.058877 -0.027989
-0.048556 0.031675 -0.021214
-0.007860 -0.005389 -0.013356
-0.159414 -0.053676 -0.015037
0.051019 -0.068242 0.079472
0.001431 0.009386 0.009756
0.027471 -0.009576 0.002839
0.039385 -0.006542 -0.063733
-0.003336 0.012117 -0.022234
-0.004811 0.055964 0.036495
0.073983 -0.028619 0.019917
-0.007475 0.006450 0.022948
0.028060 -0.091707 0.001089
-0.103063 0.240512 0.200493
-0.029328 -0.013359 -0.047323
-0.011038 0.004405 -0.032435
-0.025866 -0.009886 -0.054476
-0.156319 -0.019728 0.043133
-0.037179 0.000589 -0.025133
-0.004506 -0.032874 -0.025542
-0.018959 -0.097866 0.029221
-0.082021 -0.071709 -0.008876
-0.068314 -0.037422 -0.005159
-0.070780 0.025372 -0.064287
-0.496810 -0.005371 -0.021075
-0.027081 -0.096521 -0.026272
0.005733 -0.016534 0.036569
0.015124 -0.006865 0.002514
-0.136914 0.015984 0.001240
-0.025660 -0.043967 0.008822
0.016283 -0.084652 -0.077949
-0.086442 0.085836 0.026563
0.011099 0.027326 -0.057844
0.003455 0.016510 -0.059863
0.166122 0.015572 -0.046559
0.081179 0.055678 0.013178
-0.012344 -0.031965 -0.049232
-0.143965 0.049499 -0.044747
0.032552 0.007995 0.010846
-0.074574 -0.021969 0.000993
-0.005254 -0.067410 -0.050508
-0.027021 -0.024050 0.042781
-0.049544 -0.026675 0.094307
0.078174 0.022505 -0.037030
0.025101 -0.023997 -0.046506
0.119536 -0.006783 0.019802
-0.002064 -0.000510 -0.000654
-0.057844 0.009758 -0.001249
-0.026993 0.013840 -0.044662
-0.006788 -0.001089 -0.012074
-0.523678 -0.006203 -0.005106
-0.039413 -0.005815 0.023048
0.015698 0.002092 -0.053345
-0.044047 -0.002544 -0.039418
0.003441 0.003183 0.000827
0.025109 0.014417 0.021740
-0.401677 0.071455 -0.135369
0.137921 -0.051646 0.051503
-0.153774 0.001398 0.048627
0.011165 -0.023958 -0.013878
-0.016660 -0.082482 0.007261
-0.074639 0.019601 0.036589
-0.050407 -0.038359 -0.000152
0.064446 0.001088 -0.050789
-0.034246 0.001474 -0.087637
0.029466 -0.105065 0.041546
0.026215 0.028310 0.058848
0.014892 -0.009932 -0.010181
-0.035673 0.022382 -0.027974
0.026415 0.020910 0.021108
-0.077248 -0.055611 0.019253
-0.032234 -0.033735 -0.002571
-0.117420 0.005506 -0.055737
-0.000218 -0.028661 -0.014576
0.007358 0.032299 0.027175
-0.031084 -0.031111 -0.022421
0.018024 -0.053063 -0.065166
-0.423532 0.129410 -0.130732
-0.058757 0.074215 -0.004777
-0.007531 -0.031179 0.041499
0.269313 -0.029859 0.014578
-0.015738 -0.030584 -0.093897
-0.002557 0.004864 0.030112
0.018440 0.022776 0.076847
-0.023231 0.012886 -0.004685
-0.088690 -0.004929 0.019109
-0.072735 0.023557 0.010757
-0.014444 -0.022649 -0.096550
-0.056785 -0.005887 0.019172
-0.061071 -0.033624 -0.043966
-0.046951 -0.045367 0.001816
-0.021648 -0.024949 0.043084
-0.027886 -0.005016 -0.088461
-0.031247 -0.019892 -0.097717
-0.004794 -0.031555 -0.057752
0.064778 -0.056704 -0.174671
-0.053427 -0.001377 0.016999
-0.075249 -0.013979 -0.017474
-0.033585 -0.002751 -0.013391
-0.002691 -0.006395 0.072263
-0.005198 -0.002513 -0.022236
0.027002 -0.077584 -0.021462
0.003198 -0.024965 0.000888
-0.000399 -0.009359 -0.009340
-0.000909 0.136846 0.151798
-0.004969 0.030931 0.081137
-0.025958 -0.001761 -0.010282
-0.011244 -0.034243 0.039363
0.000226 0.039939 0.048536
-0.096680 0.007818 0.093149
0.027308 -0.002442 0.003282
-0.003854 0.014900 0.012494
-0.006773 -0.043268 -0.020428
-0.102687 -0.029629 -0.099500
-0.068939 0.075336 0.014570
0.053664 -0.049200 0.008889
-0.590251 0.102590 -0.018659
0.001663 0.025390 0.014003
-0.035123 0.018974 -0.014435
0.030749 -0.001908 0.003563
-0.078547 -0.059959 -0.066818
0.009127 -0.018139 -0.038476
0.392412 -0.072436 -0.026558
-0.021833 0.002627 -0.152267
0.008847 0.017012 -0.066475
0.201310 0.081851 -0.091553
0.008714 -0.078017 -0.018670
-0.127270 0.059455 -0.000608
0.148228 -0.002306 0.024102
-0.083677 0.006904 0.017393
-0.177739 -0.054507 0.102296
0.013810 0.014439 -0.010460
-0.088424 -0.086010 -0.022806
0.001662 -0.016691 0.052344
0.013891 -0.034743 -0.045903
-0.166776 0.054198 -0.019136
0.265990 0.009005 -0.052041
0.212512 -0.032244 -0.055294
0.010630 -0.004630 -0.029128
0.017369 -0.001517 -0.034858
-0.050145 -0.019702 -0.042405
-0.039244 -0.007997 0.014086
-0.048251 -0.079282 0.173843
0.083441 0.010239 -0.009359
-0.460105 -0.045434 0.002631
-0.068009 0.012622 0.019644
-0.006039 -0.008202 0.005905
-0.088693 -0.079293 0.008926
0.029438 -0.052712 -0.048005
-0.045552 0.095224 -0.081777
0.380483 -0.056075 -0.003258
-0.503246 -0.021401 0.032254
-0.038694 0.002026 -0.082736
0.046045 0.100593 -0.019781
-0.102179 -0.087933 0.019160
-0.379839 -0.165198 0.194874
0.069459 -0.064286 -0.010442
-0.016534 -0.030183 0.027531
0.000758 0.002440 0.027995
-0.245112 0.011084 -0.024074
-0.066453 -0.022202 -0.044069
-0.036178 -0.085250 -0.096390
-0.000577 -0.018753 -0.001628
-0.052144 -0.037789 -0.024232
-0.075021 -0.017340 0.002767
-0.057851 0.028889 -0.072707
0.178706 -0.017632 0.000018
-0.001484 -0.021026 0.018670
-0.007804 -0.022016 -0.082028
0.032016 -0.076757 0.024222
-0.021785 -0.030016 0.037432
-0.074067 -0.009334 -0.033718
0.029779 -0.017020 0.010420
-0.071308 -0.020694 -0.014169
-0.036171 -0.091039 0.017026
0.020131 -0.326427 0.059336
0.003248 -0.017984 -0.005477
-0.149155 -0.045618 -0.047787
0.002879 0.009535 0.006309
0.066525 -0.011167 -0.009613
0.013901 0.013715 0.035635
0.006586 0.026370 0.041762
0.011793 -0.007325 0.023261
-0.014083 -0.057685 0.038156
0.007520 -0.013146 0.001940
-0.039864 0.033359 -0.002477
-0.142506 0.167850 0.216364
0.069455 -0.012977 0.026193
-0.077920 -0.020435 0.021294
-0.036636 -0.002730 -0.071366
-0.017831 -0.020764 -0.026854
-0.006601 0.041150 0.006088
-0.058329 0.035048 -0.035428
-0.018542 -0.001169 -0.012992
-0.013095 0.000598 -0.011526
-0.002319 -0.029927 0.000769
-0.063534 -0.023145 -0.078045
0.000062 0.019764 -0.005384
-0.019983 -0.059164 -0.013336
0.207209 -0.094317 0.010759
0.008960 0.015997 -0.050097
0.046695 -0.013765 0.094962
0.005608 -0.051698 0.034131
-0.323057 -0.076780 -0.093854
-0.101263 0.013353 -0.027554
-0.078473 -0.117997 -0.049412
-0.135643 -0.115272 0.020883
-0.109014 -0.076763 -0.008228
-0.003578 -0.050960 -0.127505
-0.095197 0.008254 -0.063154
-0.234524 0.007508 0.081455
-0.048685 -0.015053 0.002935
-0.102863 0.116240 -0.077203
0.062531 -0.096373 -0.193046
-0.022156 0.024588 0.019298
-0.096269 -0.001151 0.029016
0.186558 -0.008584 -0.067629
-0.217148 0.003683 -0.063879
-0.000541 0.008280 0.030884
-0.010146 -0.064701 -0.023230
-0.165637 0.228808 -0.050861
-0.019043 0.003701 -0.014570
0.108216 -0.141521 -0.002170
0.132608 -0.028928 -0.047433
0.033845 -0.181063 -0.118955
-0.197005 -0.035549 0.056188
-0.024649 -0.050593 -0.041392
0.031547 0.014223 -0.059050
-0.424586 0.096298 -0.019679
-0.007901 -0.001332 -0.115629
-0.000685 -0.021214 -0.139969
0.012357 0.033856 -0.024749
-0.021538 -0.049617 0.019528
-0.061598 -0.064936 0.041766
0.044818 -0.016698 -0.039769
-0.068906 0.223310 0.098218
-0.056886 -0.062467 -0.074571
0.039985 0.064413 0.008501
0.006163 -0.028134 -0.045033
0.084603 0.018483 0.031282
0.044446 0.381867 -0.129820
0.274687 0.050354 -0.090354
0.190114 -0.007104 0.002164
0.017200 0.000897 -0.026843
0.008487 0.004766 0.013801
0.002478 -0.034798 0.001535
-0.037249 -0.048167 0.004957
0.000907 0.041779 -0.033841
0.307905 0.229451 0.215726
-0.082899 -0.016289 -0.076894
-0.000243 -0.024074 -0.023399
0.016113 -0.009655 0.084607
0.010491 0.031041 -0.046174
0.002212 -0.015523 0.003548
0.008298 -0.003188 -0.017569
-0.013313 -0.016010 0.007694
0.005625 -0.006096 0.034657
0.052902 0.003701 0.029003
-0.012420 -0.030837 -0.014391
0.328516 -0.063594 -0.178909
-0.015191 -0.003173 0.018936
-0.053760 -0.009692 -0.027875
-0.005515 -0.008503 0.238895
-0.003461 -0.010037 0.040025
0.005338 0.014088 0.048492
-0.025304 -0.008879 0.001794
-0.043797 0.020994 -0.044507
0.017854 -0.073490 0.060780
0.007149 -0.167170 -0.058158
0.036352 -0.102729 0.000391
-0.015637 -0.009551 0.012253
-0.243477 -0.196777 0.089473
0.174578 -0.087595 0.242067
-0.034173 -0.010469 -0.011184
-0.078263 -0.280826 0.142553
0.003572 -0.007595 0.010053
-0.052889 0.169506 0.006483
0.004737 -0.068618 -0.050688
-0.030966 -0.048371 -0.045832
-0.026593 0.002287 -0.065293
0.133614 -0.102863 0.005473
0.047304 0.042500 -0.093581
-0.038323 -0.020694 0.012033
0.028011 0.049088 -0.035260
-0.065760 0.002813 -0.010858
0.070555 0.010725 0.017019
0.082529 -0.010093 0.035365
-0.063087 0.000432 -0.031494
0.037328 0.002423 -0.026504
-0.045285 0.060989 0.138601
0.002473 0.025055 -0.011783
-0.003235 0.008811 -0.031560
0.000558 -0.076498 0.021705
-0.028530 -0.077585 -0.028230
0.015089 0.025632 0.034882
0.092192 -0.043438 0.010039
-0.016678 -0.018174 0.100922
0.257859 -0.078072 0.118351
-0.069485 0.020588 0.004386
0.072224 0.005980 0.053923
-0.115365 -0.033315 -0.047165
-0.010238 -0.023943 -0.000627
0.011171 -0.041662 -0.034153
-0.006757 0.010801 -0.122209
0.050382 0.075100 -0.142598
-0.025189 0.007927 -0.019822
0.013243 0.006895 0.033676
0.042088 0.091956 0.041503
0.021880 0.003071 0.084682
-0.089181 0.001001 -0.068138
0.047480 0.007595 0.176447
0.041453 -0.078362 -0.035418
-0.205313 -0.142678 0.173802
-0.062095 -0.027716 0.030955
0.015053 0.021045 0.007234
0.011639 0.013538 -0.066610
-0.024176 -0.027023 0.019542
-0.025101 -0.007842 0.012711
0.007848 -0.010203 0.048860
-0.057602 -0.002227 -0.045809
-0.042527 0.057558 -0.033906
0.062877 0.022082 -0.047317
0.004413 0.017086 0.006926
0.023390 0.003857 -0.044225
-0.085313 0.005694 -0.123415
-0.014695 -0.030073 0.061742
0.042195 -0.025196 -0.014842
0.097315 -0.107029 0.004836
-0.031521 -0.043802 0.001440
-0.153788 -0.093424 0.021690
-0.004447 -0.044530 -0.016998
0.030477 -0.142953 -0.076189
-0.025043 -0.113611 -0.042400
-0.101848 0.046418 -0.039299
0.094499 0.007002 -0.062984
-0.058276 -0.056129 0.000511
-0.084732 0.004744 0.002378
0.221559 -0.052373 -0.035656
0.125887 -0.045621 -0.099767
0.005588 0.000523 -0.041675
0.083290 -0.062037 0.119176
-0.090879 -0.044278 -0.053826
-0.173187 0.049377 -0.107924
0.008146 -0.044446 0.026645
0.160642 -0.089853 0.057704
-0.013850 -0.004010 0.005533
-0.010153 0.019564 0.004737
0.003826 -0.082900 -0.017062
-0.030898 -0.031089 -0.023286
-0.017050 0.015579 -0.002289
-0.076596 0.046997 -0.128866
-0.155828 -0.048032 0.032313
-0.208400 0.120252 -0.062402
0.045212 -0.015513 -0.074511
0.003494 0.004892 -0.091767
0.055373 -0.063723 0.078243
-0.116973 0.047073 0.027204
-0.009034 -0.051055 0.119022
-0.204549 0.120852 -0.079102
-0.013872 0.053991 -0.030573
0.162112 -0.050136 -0.049576
0.026555 0.050376 -0.056080
-0.493213 -0.021535 -0.032556
-0.029641 -0.005622 -0.085527
0.021679 0.013202 0.006068
-0.069536 0.001491 0.010881
-0.080754 -0.134373 -0.007484
-0.063589 -0.015302 -0.034333
0.011370 0.080673 0.021678
-0.169183 0.021287 0.051786
-0.020588 -0.001963 0.021659
0.672958 -0.171219 0.083935
0.005002 -0.061988 -0.008976
-0.557230 0.074102 0.145547
-0.412355 -0.201854 0.150462
-0.095219 0.006935 0.017684
-0.010547 -0.017002 -0.014492
-0.246963 -0.051423 0.042695
0.153932 -0.081212 -0.044044
-0.107756 0.171025 0.141132
-0.020996 0.014921 0.023551
-0.053090 0.028240 -0.006091
0.000540 0.013433 0.021655
0.056914 -0.066755 -0.027681
-0.013700 -0.028986 -0.077946
0.115113 0.085068 0.045402
-0.102552 0.015408 0.023946
0.005789 0.006762 -0.056372
-0.000307 -0.005174 -0.025637
-0.001794 -0.017574 0.120293
0.008376 0.012375 -0.066754
0.081636 0.048406 -0.086388
0.075630 -0.047209 0.069081
0.106981 -0.008438 -0.010458
-0.163254 0.166254 -0.110662
0.468755 -0.107194 -0.017235
-0.263221 0.154843 0.050803
-0.020971 -0.022461 0.064014
-0.039957 -0.015474 -0.148649
-0.024907 0.046398 -0.090684
-0.014213 0.032490 -0.019645
-0.146403 0.066648 -0.070026
-0.061981 -0.007553 0.046337
0.010217 -0.028396 -0.003113
0.302658 -0.030281 0.000805
0.066273 0.043319 -0.110082
-0.087795 0.030792 -0.042400
-0.045183 -0.008435 0.027500
-0.030271 0.001005 0.108952
-0.051920 -0.061735 0.111750
-0.017758 -0.024049 0.149612
-0.177922 0.017136 0.016678
0.094633 -0.035986 -0.207173
0.044490 -0.026110 -0.135493
-0.072062 0.003313 -0.052368
-0.036196 0.009994 0.042835
-0.053371 0.029924 -0.052255
-0.010655 -0.013944 0.088426
0.020384 -0.087898 -0.180878
0.016295 -0.062222 0.045634
0.006681 0.049084 -0.043676
-0.024686 -0.009488 -0.104732
0.043297 0.074056 0.182488
-0.010704 -0.006857 0.076602
0.057162 0.041254 -0.071462
-0.065892 -0.076298 0.059797
0.130993 -0.014077 -0.080282
-0.035088 -0.073868 -0.220691
0.023234 0.037730 -0.036857
-0.044296 0.049358 -0.018420
-0.074664 -0.118497 -0.049510
-0.011986 0.057184 -0.053458
0.006196 0.002854 0.023489
0.001027 0.020212 0.002029
0.033742 -0.006372 0.042332
0.011647 -0.033142 -0.056130
0.035461 -0.010890 0.000485
0.009585 -0.042600 -0.094152
-0.041937 0.007603 -0.068719
-0.026360 0.053695 0.040034
0.017653 -0.036235 -0.196775
-0.043423 -0.004762 -0.003321
-0.015394 -0.012819 -0.072963
-0.130125 -0.027722 -0.144024
0.026350 0.008074 -0.122804
0.010600 0.031234 -0.072560
-0.059008 0.003481 0.103087
-0.104712 0.013172 -0.016506
-0.007298 -0.023118 -0.037971
0.009910 0.037319 0.062086
-0.059007 -0.019660 -0.048744
0.059898 -0.045435 0.005130
-0.103078 -0.069296 -0.073419
-0.102225 -0.028993 0.019668
0.018313 -0.037935 -0.029647
0.030414 -0.002995 -0.052089
0.123957 -0.059050 0.227734
0.024498 0.026267 0.009598
0.009491 -0.011723 -0.057033
-0.080602 -0.004872 -0.045052
0.100642 -0.029153 0.090439
-0.160221 0.042258 -0.058520
-0.015943 0.004194 -0.054131
0.103969 -0.013783 0.210115
0.005178 0.013025 0.183594
-0.035364 -0.019466 0.128171
-0.143668 -0.115566 0.024731
0.004865 0.008153 -0.130534
0.008435 -0.032684 0.005014
-0.219627 -0.024717 -0.059758
0.034018 -0.012956 0.024943
0.010954 -0.041520 0.029431
-0.012065 -0.030381 -0.024384
-0.009374 0.062675 -0.166173
-0.004513 -0.065016 0.118453
0.050281 -0.046356 -0.102436
0.047042 -0.014076 0.061761
0.091889 -0.117791 -0.015782
-0.118421 -0.037749 0.085695
0.020019 0.035891 -0.016685
0.025412 -0.016129 -0.156340
0.009090 0.004718 -0.038252
-0.025808 0.020943 -0.101391
0.008085 0.097166 0.068597
0.004483 -0.016797 0.096805
-0.110715 0.108234 0.018951
0.011241 -0.001188 -0.020078
-0.020213 -0.089103 -0.241620
0.040045 -0.003482 0.078761
0.011690 -0.183790 -0.067804
-0.022031 -0.029401 0.105266
-0.183868 -0.019014 -0.022589
-0.020859 -0.165723 0.028181
-0.081896 -0.009552 -0.016270
-0.044376 0.017888 -0.043395
-0.067644 0.049411 0.028282
-0.054602 -0.021477 -0.011350
0.530836 0.014204 -0.026259
-0.053144 0.012313 -0.008181
0.075002 -0.040574 0.075948
-0.000454 0.017879 0.160583
-0.065267 0.010975 0.013281
0.010153 -0.030253 0.038100
-0.067789 -0.114266 -0.030215
-0.093071 0.033618 0.080952
-0.229609 0.023359 0.006936
-0.022904 0.012258 0.022532
0.162358 -0.131752 -0.000118
0.005606 -0.036090 0.068893
0.022567 -0.015335 0.002658
-0.006076 0.001290 -0.006086
0.159033 -0.062280 0.203279
0.038477 0.030608 -0.049406
-0.083807 0.028141 -0.094451
-0.049628 0.078903 0.020449
-0.226933 -0.064667 -0.008233
-0.064616 0.012602 0.021072
-0.244486 -0.025421 0.012537
0.027614 0.014370 -0.096682
-0.097102 -0.037250 0.017310
-0.077147 -0.000290 0.099781
0.104208 -0.048294 -0.176413
-0.086687 0.002281 0.002707
-0.066908 -0.063054 0.135509
0.062368 -0.005739 0.057023
0.024704 0.057304 0.108435
-0.036093 0.026546 -0.045261
0.082029 0.145749 0.003597
-0.004903 0.006629 0.083663
-0.182152 -0.005956 -0.004780
0.033059 0.005961 -0.082013
-0.012014 0.018315 0.016078
0.065797 0.016881 -0.078721
-0.008802 -0.006981 0.003690
-0.120546 -0.044568 -0.068811
0.008232 0.005340 -0.018688
-0.056383 -0.036713 0.004783
0.027221 -0.046015 0.080239
0.016402 -0.042839 -0.138467
0.090000 -0.057024 0.080019
0.172137 -0.034201 -0.005179
0.082165 0.063906 -0.147160
-0.113040 -0.024637 -0.015669
0.018695 -0.010807 0.027778
-0.009262 -0.051269 -0.010687
-0.011364 -0.018820 0.056836
0.017094 0.005185 -0.005746
0.052517 -0.024285 0.064163
0.038036 0.025627 0.031929
-0.079196 -0.024323 -0.074264
0.046874 0.198547 0.058217
-0.011031 0.042949 0.061987
0.019348 0.063794 -0.220128
0.031838 -0.027365 0.011385
-0.119020 0.002466 -0.246248
0.042322 0.068114 -0.190634
0.003087 0.025788 -0.055389
-0.130382 -0.115450 0.120165
-0.097005 0.093203 0.119931
0.126894 -0.034884 0.010646
0.034829 -0.097541 -0.070883
-0.073934 0.036982 -0.022151
-0.157871 -0.102898 0.007837
-0.157497 -0.259266 0.031741
-0.079282 0.034047 -0.032880
-0.099667 -0.031093 -0.176639
-0.046589 0.050311 -0.024885
-0.047666 -0.036868 0.034157
0.021339 -0.013625 0.040359
-0.011703 0.004058 -0.029846
-0.067156 -0.013201 0.029065
0.132978 0.003206 -0.047599
-0.058065 -0.011253 0.029287
0.005078 0.018712 0.045413
0.011456 -0.093770 -0.265077
0.010870 0.043060 0.045614
-0.033052 -0.006233 0.000228
-0.036541 -0.021598 0.134956
-0.207270 0.189207 0.034916
-0.424595 -0.071094 0.014749
0.242719 0.003219 -0.049274
0.058764 -0.030855 -0.019135
0.372666 -0.025040 -0.081778
-0.118774 0.016521 0.011925
-0.105859 0.052536 -0.040262
0.090089 -0.020676 -0.225736
0.059435 -0.012603 0.033955
-0.043378 0.018831 0.007702
-0.285983 0.000037 -0.082834
0.133669 -0.094940 -0.075340
0.610766 -0.008150 0.041424
0.069036 0.000580 -0.014714
-0.168276 -0.014328 -0.000069
-0.348370 0.123852 0.014164
0.078021 -0.023042 0.084458
-0.005251 0.024277 -0.070782
0.326109 -0.081352 -0.030944
-0.015757 0.004674 0.014885
-0.006289 0.010987 -0.024510
0.017544 -0.150736 0.042698
0.070839 0.031959 -0.040255
-0.181736 -0.031066 0.013820
0.171081 -0.096932 0.031212
-0.043318 -0.011177 -0.034566
0.049586 0.006938 0.064732
0.125371 -0.026877 -0.024105
0.098060 -0.065447 -0.014262
-0.187108 -0.003764 -0.023617
-0.052460 0.059953 0.068928
-0.031292 -0.026016 0.143045
-0.013053 -0.053470 -0.129692
0.361719 0.006290 0.015171
0.064831 0.063280 0.018145
-0.164444 0.021759 -0.008306
-0.182992 0.000559 -0.007244
-0.106653 0.037097 -0.081083
-0.016014 -0.006733 -0.034728
-0.022069 0.007333 0.081013
0.018257 0.018815 -0.055016
0.004481 0.009214 -0.024085
-0.085119 0.096888 0.132920
-0.198920 0.054631 -0.055565
-0.099328 0.032320 0.009313
0.030963 0.058479 -0.010436
0.031280 0.003394 -0.081853
-0.061439 0.041031 0.044851
-0.065483 0.056814 -0.223423
0.018326 0.041812 -0.052470
-0.172097 0.043145 -0.050042
0.076614 -0.003306 -0.078362
0.090532 0.056706 0.017598
-0.050241 0.054936 -0.042837
-0.333662 0.012066 0.010307
-0.026117 -0.034515 -0.001583
-0.528670 -0.122893 -0.119638
0.089540 -0.018599 -0.119493
-0.129389 -0.098799 -0.214174
0.083358 -0.067740 -0.017113
0.303144 0.010639 0.033820
-0.040023 0.003194 0.107660
-0.013594 0.018565 0.003656
-0.168161 0.122377 0.024277
0.074265 -0.009616 -0.029590
0.453676 0.008232 0.038693
-0.008027 0.014080 0.043895
-0.085930 -0.081222 -0.049013
0.037471 0.011697 -0.089906
-0.070529 0.000607 -0.047609
-0.015862 0.086278 0.006316
-0.042058 -0.000066 0.006170
0.252755 0.000390 -0.073890
0.088493 -0.015693 0.058647
0.049672 0.050136 -0.061630
0.053157 0.019590 -0.038323
-0.128668 0.037737 0.031321
-0.030723 0.018742 -0.073509
-0.078589 0.058004 0.061352
-0.032431 -0.045608 -0.052604
-0.007599 0.010164 0.032647
0.468149 -0.015142 0.036314
-0.180732 0.073127 0.010888
0.107495 -0.041799 -0.020536
-0.137692 -0.042795 -0.031342
0.161739 0.012796 0.009937
-0.001640 -0.063994 0.055772
-0.121520 -0.000938 -0.023322
-0.023958 -0.036635 -0.014372
-0.039895 -0.007283 0.008651
0.030167 -0.003133 -0.007193
-0.081074 0.001188 -0.036077
-0.008989 -0.036488 -0.009915
-0.059382 -0.126866 0.129367
-0.033644 0.000058 0.071962
-0.037684 0.069055 -0.011075
0.023815 0.015280 -0.052437
0.078226 0.002998 -0.008800
0.221595 -0.197322 -0.017214
-0.055541 -0.033130 -0.036930
0.034407 -0.034103 0.051562
-0.071661 0.059072 -0.004297
0.075453 -0.056465 -0.027146
-0.169715 -0.004262 -0.002234
0.056825 -0.026230 0.033604
-0.008418 -0.218601 0.111988
0.014036 0.010315 -0.112438
0.518377 0.015507 -0.075780
0.025780 0.000007 -0.029484
0.372069 -0.077737 -0.000911
0.076006 -0.011808 0.063805
0.024245 0.003778 -0.109754
-0.064545 -0.055005 0.043037
-0.025809 -0.031759 0.068979
-0.015050 0.023887 -0.024715
-0.053389 0.019699 0.001888
0.416292 0.109118 -0.021353
-0.084950 0.019366 -0.051812
0.044983 -0.002682 0.002339
0.003099 -0.003925 -0.178864
-0.047919 0.039463 0.033718
-0.064532 0.077555 -0.115720
0.033141 -0.006055 0.041329
0.103994 -0.292431 -0.105709
0.073239 0.097368 -0.112329
-0.229108 -0.010292 -0.007418
-0.015612 0.012121 -0.004354
-0.003428 -0.022886 -0.075227
-0.081834 -0.154544 -0.116708
-0.007214 -0.005456 0.006891
-0.050915 0.026868 -0.155066
0.041697 0.092820 0.011215
0.166680 -0.051975 -0.042029
0.257389 0.045551 0.037948
-0.360256 -0.020780 -0.008678
0.000192 0.030601 0.052106
0.070689 -0.034407 -0.063012
-0.023376 0.014773 -0.010612
0.017347 -0.143276 -0.076771
-0.006743 0.036954 0.019849
0.382763 0.067810 0.038088
0.028391 -0.161073 0.027567
0.022317 -0.044577 -0.069550
0.045859 0.009258 -0.050942
-0.542717 -0.058292 0.012811
-0.003164 -0.050922 0.003738
0.078950 -0.074813 0.101570
0.174904 -0.072514 0.006150
-0.359522 0.019305 0.022487
-0.601649 -0.067990 0.065100
-0.070651 0.041276 0.066031
-0.046389 0.007888 -0.016633
0.009503 0.017325 0.027406
0.004099 0.096400 -0.001747
-0.216269 -0.017455 -0.051117
0.053905 -0.019851 -0.056036
0.166284 0.031194 -0.057305
-0.214687 0.043309 0.089834
-0.040191 -0.051899 -0.028877
-0.146829 0.033767 -0.021894
0.073698 0.124386 -0.031865
0.398093 -0.000703 -0.035377
0.415530 -0.174690 -0.027132
-0.023054 0.037039 0.076743
0.018088 -0.010275 -0.046154
-0.032710 -0.020795 0.002544
0.062011 -0.101625 0.025506
0.121106 0.043746 0.025358
-0.083028 -0.015602 -0.020083
-0.003849 -0.031073 -0.027535
0.065782 0.048163 0.026679
0.108390 -0.052538 0.031232
-0.070381 -0.182572 0.033326
0.004588 0.022093 -0.087234
0.332241 -0.006517 -0.049014
-0.012992 -0.010747 0.062830
0.007253 -0.057111 -0.129171
-0.058843 0.010691 -0.123515
0.008361 -0.023216 0.029482
0.001078 -0.004119 0.007595
-0.035237 -0.003581 -0.051653
-0.100705 0.036715 0.023542
-0.059814 0.006319 -0.011879
0.037240 -0.012938 0.054338
0.055338 -0.033261 -0.105224
-0.050247 0.055425 -0.005039
-0.027203 0.016913 0.067630
0.011803 0.020970 -0.049244
-0.088103 -0.342457 -0.159581
0.029081 0.035258 0.000269
0.013267 0.025876 0.040301
-0.014923 0.018738 0.088184
-0.038185 -0.081225 -0.003263
0.064132 0.058277 0.045432
-0.183602 -0.316010 -0.240731
-0.005979 0.050706 0.027866
0.145985 0.050682 -0.067816
-0.371101 -0.019390 -0.045992
-0.220028 0.030052 -0.016584
0.164432 0.017356 -0.099007
0.043339 -0.025046 -0.035854
0.024737 0.085619 -0.051342
0.136840 -0.022354 0.063433
0.204723 0.058227 0.025260
0.021321 0.007431 -0.062201
0.070226 -0.160857 0.023442
-0.095750 -0.013087 -0.018493
-0.114980 0.118556 0.102229
-0.012194 0.001137 -0.072132
-0.033222 0.038097 -0.062466
-0.136222 -0.076088 -0.037622
0.169141 0.065085 0.036598
-0.250406 -0.005538 -0.022782
0.072546 -0.056831 0.004467
0.472596 0.104911 -0.033726
0.016745 -0.006669 0.071078
-0.009278 -0.030069 0.081398
-0.040359 -0.059024 -0.041913
0.155422 0.065405 -0.040144
-0.120155 0.024259 0.080379
0.161080 -0.007202 0.021141
-0.115078 -0.012864 -0.120676
0.206470 0.015768 0.037162
-0.203046 0.024884 0.021904
-0.008337 -0.025684 -0.030244
-0.420717 0.113108 0.057296
0.065314 -0.003848 0.015110
-0.100261 -0.009625 -0.007376
-0.041787 0.021469 -0.153782
-0.057402 -0.171169 -0.128140
0.015543 -0.012640 -0.011316
0.007052 0.043299 0.118046
-0.146725 0.260002 0.215619
-0.146250 -0.061789 0.273372
-0.049945 -0.012373 -0.074519
-0.078668 0.005655 -0.185146
-0.084782 0.004579 0.043856
0.020223 -0.023919 0.051526
-0.067145 -0.087455 -0.152774
-0.114156 0.066448 0.041065
0.017118 0.043111 0.015032
0.224701 -0.115748 0.085426
0.032696 -0.023685 -0.057550
-0.018037 -0.005091 -0.224253
-0.034684 -0.087285 -0.084985
-0.045309 0.054283 -0.001635
0.049417 -0.085059 -0.022952
-0.040710 -0.043511 0.006331
-0.016861 -0.054554 0.053968
0.009924 -0.016480 0.050446
0.160479 0.059425 0.054308
0.021112 -0.239902 -0.062608
0.057546 -0.024829 -0.030385
0.007459 0.006467 -0.034164
0.455383 -0.018380 -0.024681
-0.034655 0.115962 -0.035780
-0.080852 0.065964 -0.027530
0.191251 -0.103087 -0.126380
-0.016040 -0.031838 0.003704
0.060008 0.009782 -0.007101
-0.153309 0.128682 -0.016811
0.127461 0.153911 0.002450
-0.111563 0.001128 -0.039734
-0.022345 0.087606 -0.139595
-0.020370 -0.023160 -0.061621
0.049773 -0.056906 0.033791
0.023048 0.000057 -0.037924
0.056136 0.036176 -0.015536
0.005940 0.017880 0.026318
0.003123 0.020233 -0.048850
-0.003448 -0.025520 -0.052725
0.004260 -0.001791 0.029232
0.026392 0.000282 -0.019949
0.128596 -0.021454 0.000435
-0.039160 0.105889 0.041020
0.040296 0.020784 -0.061684
-0.022722 -0.027020 -0.045364
0.050181 -0.011316 0.039864
-0.027350 0.021958 -0.050426
0.081616 0.026053 0.057644
-0.026506 -0.021382 0.205368
0.109158 -0.056037 -0.024207
-0.048597 0.057481 0.064000
-0.196888 0.042177 -0.191809
-0.020755 0.020338 -0.071188
-0.081806 0.060262 -0.099423
0.016130 -0.021595 -0.071699
0.050652 -0.065252 -0.032574
0.021544 0.001636 -0.138410
0.085315 -0.065228 -0.059392
-0.166959 -0.238031 0.058640
-0.070338 0.035600 0.025697
0.011144 -0.105166 0.074891
0.059860 -0.012090 -0.061237
0.002343 -0.055357 -0.003333
-0.165624 0.051313 -0.017665
0.120111 -0.077393 0.045207
0.060811 -0.148458 -0.058061
-0.084916 0.006344 -0.009045
0.049879 -0.045475 -0.021286
0.015788 -0.043144 0.093374
-0.006880 0.067426 0.016796
0.026015 -0.023033 0.003537
-0.059000 -0.034010 -0.013195
-0.147560 -0.063284 0.023993
0.073440 -0.018475 -0.113517
0.338906 -0.043403 0.041890
0.008425 0.035497 -0.093334
-0.025718 -0.034295 -0.052019
0.117599 -0.063398 -0.007617
-0.027749 -0.000128 -0.055554
0.063700 -0.035232 -0.064485
0.106579 0.033243 -0.183097
0.115155 -0.027880 0.020616
0.091174 0.036133 0.014264
-0.088520 0.036984 0.025200
0.092578 -0.023767 0.057737
-0.051623 -0.024317 -0.010115
0.006873 -0.033272 -0.001115
-0.093183 -0.025420 -0.037942
0.028128 -0.031777 -0.035486
0.059015 -0.033183 0.109192
0.099503 0.004473 -0.037150
-0.038532 -0.093172 0.018437
0.147331 -0.158577 0.113583
-0.024782 -0.012034 0.206985
-0.075164 -0.003656 0.085210
0.121842 -0.068880 0.233227
-0.084202 0.048132 -0.036196
-0.034862 -0.021828 -0.037038
0.147571 0.048336 0.017685
0.024234 -0.005314 0.104812
-0.056648 0.041491 -0.025470
0.072791 0.003783 -0.039612
0.062319 -0.027282 -0.050904
0.026211 -0.018882 -0.048963
-0.041162 -0.029283 0.284868
-0.060179 0.007747 0.038594
-0.053699 0.033086 -0.038504
0.016857 0.040551 0.062162
-0.075956 0.068892 0.097560
0.021107 0.001388 0.009051
-0.112511 -0.258131 -0.132918
0.009514 0.017676 -0.000205
-0.015090 -0.005067 -0.198711
0.159088 0.044299 0.072610
0.036079 0.007295 0.036671
-0.090659 0.045933 0.049410
-0.106343 0.031993 -0.108116
0.027198 0.036542 0.026690
-0.109506 0.005555 0.022603
-0.298452 0.003841 0.019317
0.133358 -0.007075 0.037184
-0.253197 -0.018700 -0.066335
0.159397 0.000136 0.016988
0.051505 0.000525 0.067320
0.136068 -0.063920 0.074066
0.027188 0.098265 0.039353
0.029919 -0.015507 0.023626
0.017067 0.047045 -0.061042
0.055238 0.030622 0.003148
0.148548 0.037827 -0.004724
0.056376 0.024938 -0.028656
0.036398 -0.047118 0.004126
-0.016683 0.012961 -0.098422
-0.000444 -0.013486 0.070501
-0.054066 0.032308 -0.047700
-0.045179 -0.011229 0.160162
0.122944 -0.004277 0.063272
0.130355 0.024342 0.001043
0.037280 0.005191 0.033620
0.053899 0.076868 0.041082
0.020516 0.009784 0.068076
0.083559 0.040847 0.038468
-0.016340 0.022484 -0.015821
0.127863 0.103763 0.204254
0.060323 -0.017281 0.034750
-0.003614 -0.004991 0.017902
0.166178 0.031589 0.105045
0.099524 0.023671 0.054225
0.148217 0.036129 -0.001259
0.067343 0.060063 -0.019717
-0.007243 -0.013865 0.033156
-0.000084 0.039949 0.019609
-0.010273 0.042945 -0.044215
-0.010813 0.149876 0.005536
-0.275420 0.155511 0.113543
0.063127 0.032075 0.063330
0.417710 -0.004394 -0.082779
0.027658 0.024893 -0.024852
-0.078309 -0.020059 0.006433
0.012605 0.057995 -0.008722
0.133775 0.035286 -0.098175
0.358630 0.053175 -0.011771
-0.094931 0.029596 0.032610
0.030800 -0.016286 -0.028842
0.406422 0.011169 0.043002
0.020009 -0.031953 0.021368
0.190386 0.129405 0.004812
0.034972 0.093924 -0.063234
0.106226 0.163039 0.069079
0.102061 -0.086607 -0.139748
-0.143137 0.114302 -0.137933
-0.009463 0.019388 -0.050281
0.295356 -0.032760 0.045365
0.438266 0.100436 -0.005546
-0.031669 0.047212 0.080754
0.029400 0.091655 -0.010208
-0.073931 -0.058360 0.150483
0.005137 0.049218 -0.023603
0.007598 -0.020157 0.059465
0.215463 0.031053 0.073548
-0.073994 0.051600 0.036184
0.151107 0.036254 0.037442
0.176139 -0.015715 -0.061962
-0.029730 -0.007089 0.007599
-0.001218 -0.002844 0.104650
0.215388 0.003923 0.032127
0.011766 0.019912 -0.071081
0.095247 -0.044924 -0.012796
0.127818 0.030831 -0.061321
0.022578 0.006822 0.114228
0.156576 0.001845 0.016972
0.063247 -0.049041 0.172382
0.076760 0.033009 -0.063725
-0.014159 0.035736 0.034797
0.053746 0.047484 0.042739
0.083997 0.008176 0.113717
0.036291 0.020469 0.003951
0.014008 0.034947 0.002878
-0.058652 -0.066251 0.175684
-0.227224 0.054421 0.034735
0.050902 -0.067633 0.112737
0.066031 -0.064754 0.008554
-0.016592 0.062606 -0.058274
0.185872 0.049319 -0.129607
0.129792 -0.012419 -0.020014
0.194224 0.049350 0.049870
0.004362 -0.025720 0.000087
0.082935 0.118268 0.079872
0.011250 0.054569 -0.006843
0.052984 0.048595 -0.102912
0.044980 0.053088 0.040849
0.097959 0.091958 0.138392
0.150622 -0.005683 -0.027102
0.061599 0.033999 0.010758
0.118730 -0.009809 0.054251
0.116681 0.021259 0.007655
0.116809 0.079064 -0.133269
0.028288 0.047104 0.056965
0.024428 0.043373 0.033489
0.040087 0.053137 0.005531
0.054397 0.026013 0.012550
0.121324 -0.028707 0.035183
-0.108878 0.061086 0.088765
0.015703 0.005800 -0.090121
0.002802 0.084046 0.003190
0.076611 0.078239 0.000647
0.152387 -0.125216 -0.073752
-0.004822 0.113744 -0.055975
-0.095153 0.048036 -0.008117
0.348269 -0.009240 -0.012422
0.026474 0.015069 -0.046623
-0.065687 0.007049 -0.180739
0.058888 -0.025476 0.122630
0.009108 -0.036599 -0.055135
0.056082 0.231538 -0.042658
-1.385040 0.145214 -0.042426
0.016784 -0.011001 0.038879
0.041327 -0.005377 0.099741
-0.045447 -0.080564 0.120938
0.214650 0.064445 -0.007010
-0.012937 -0.015106 0.033509
0.081213 0.029795 0.019781
0.125586 0.026437 -0.045344
-0.065949 0.007609 0.006425
1.522958 -0.218435 0.110472
0.007374 0.026128 0.010846
0.013850 -0.057686 -0.026919
0.033312 -0.005638 0.002940
0.446041 0.004922 0.074547
0.150965 0.020590 -0.045854
0.023329 0.067968 0.041414
0.177089 0.017531 0.042385
0.201461 0.075501 0.075914
-0.061302 -0.004357 -0.060062
-0.095778 -0.012979 0.072011
0.218133 -0.015096 -0.005805
-0.083841 -0.011659 0.031137
-0.119726 -0.017271 -0.054780
0.063295 0.007208 -0.040251
0.098950 -0.021423 -0.043475
-0.023559 -0.025711 0.037942
-0.021555 0.011671 0.026056
-0.041252 0.020145 -0.024539
0.034127 -0.008614 0.042106
0.109275 0.019915 -0.022708
0.043147 0.014035 0.050856
0.176409 0.012609 0.067871
0.030482 0.041828 0.049067
0.085846 0.019755 -0.019761
-0.074189 -0.031284 0.003212
0.080860 0.007665 0.055645
0.149696 0.011137 -0.021499
0.035631 -0.000922 -0.033432
0.026535 0.043384 0.036200
0.011587 0.029716 0.014323
-0.166307 0.039839 -0.025233
-0.119589 0.047642 0.007365
0.044761 0.032338 0.066960
0.038071 0.004478 0.003182
0.112414 0.044426 0.170409
0.033794 0.066440 -0.005965
-0.020586 0.076433 0.031712
0.020603 0.070924 -0.028300
-0.013888 0.121860 0.039574
0.093686 0.073332 0.015873
0.177181 -0.038016 0.070463
0.068891 0.084917 0.063207
0.046108 0.034637 -0.025811
0.093579 0.029597 0.012499
0.027810 0.054715 0.037361
0.016617 0.066661 -0.003195
0.090578 0.028017 -0.027780
-0.587176 0.159893 0.024999
0.025280 0.142851 0.057523
0.378515 -0.037579 0.042599
0.067832 0.031549 0.038374
0.067609 -0.005310 -0.002861
0.121896 0.042078 -0.029115
-0.094184 0.018583 0.035862
0.028854 0.107938 0.009975
-0.021473 0.071333 0.022480
0.062479 0.060032 -0.023492
0.013215 -0.002886 -0.031426
0.013570 0.021469 0.004765
-0.086249 -0.025981 0.090653
-0.036067 0.029064 0.109012
0.025771 0.026520 0.063555
0.210345 0.182805 -0.023878
0.065753 0.002339 0.072476
-0.105088 -0.026166 -0.021474
0.236866 -0.027048 0.002240
0.126890 0.059196 -0.130919
0.072027 0.019759 0.009398
-0.131309 -0.021937 0.010263
-0.151486 -0.012783 -0.149242
1.245787 -0.192317 -0.005143
0.000621 -0.008531 0.016591
0.003394 0.088149 0.107040
-0.094843 0.132818 -0.021368
0.015030 0.022486 0.034401
0.128420 0.020746 0.023299
-0.086981 0.079102 0.025113
0.039865 0.035304 0.055299
0.073642 0.033480 -0.011128
0.129460 0.054317 0.022064
0.818484 -0.068890 0.027114
0.032480 -0.033848 -0.044646
0.283505 0.033807 -0.020303
0.177080 0.022563 0.042665
0.020620 0.013790 0.047639
-0.622273 0.035759 -0.018632
0.027096 -0.008462 0.130692
0.504705 0.122914 -0.071882
-0.018989 0.056568 0.041459
0.214540 -0.043042 -0.039695
-0.105081 -0.016258 0.055034
0.018721 -0.003721 0.075655
-0.047513 0.034721 0.013632
0.019776 0.030708 -0.027290
0.033139 0.058644 0.047573
0.003428 0.028194 -0.033726
0.099163 0.033365 0.039286
0.013488 -0.005427 0.096272
0.121636 0.040210 0.055083
-0.006024 0.026983 -0.022159
-0.085124 -0.064386 -0.062131
-0.003843 0.046712 -0.017037
0.021310 0.028944 -0.005078
-0.037714 -0.027720 0.016778
0.138503 0.016028 -0.021539
0.089038 0.038731 -0.015568
0.039493 0.004049 -0.030281
0.031314 0.037030 -0.024341
0.085706 0.106523 0.005961
0.001161 0.008134 -0.003406
0.005107 0.049008 0.066506
0.078686 0.039791 -0.013167
0.162721 0.054833 0.024513
0.098567 -0.035607 0.075243
0.089067 0.087258 0.022594
0.016453 0.025346 0.028849
0.071717 0.010747 0.091707
0.050609 0.203895 0.061240
0.091463 0.101071 0.092086
0.077664 -0.015881 0.010042
-0.004169 0.051604 0.004156
0.023114 0.033486 0.002960
-0.024314 -0.002467 -0.047542
0.079434 0.049907 -0.002531
-0.016284 0.060586 -0.015087
0.000666 0.008333 0.022141
-0.327506 0.006813 0.007464
0.139915 0.099023 0.060965
0.100979 0.061023 0.017918
-0.288791 -0.015628 0.005481
-0.063773 -0.016796 -0.006033
0.205500 0.002176 0.037698
0.637261 0.016394 0.056105
-0.048054 0.168081 -0.024003
0.084859 0.009107 0.043339
-0.145465 0.101821 -0.026330
-0.058043 0.114008 0.075696
0.029270 0.041857 0.055830
-0.017256 0.051138 0.080965
0.172647 0.065639 -0.023575
0.077143 0.082820 -0.012845
0.149710 0.003248 0.030750
0.013714 0.012734 0.017774
0.039979 -0.002120 0.002055
0.028178 0.035726 0.032015
0.177364 0.009274 0.100272
0.347538 -0.000681 0.053690
0.501155 0.049791 -0.010152
0.079267 0.043126 -0.023493
-0.246384 0.036068 -0.046440
0.083843 0.015741 -0.004758
0.414716 -0.000753 0.048571
-0.035035 0.022095 -0.010665
0.027406 0.035840 0.030522
0.027285 0.014944 0.131477
0.126448 0.156823 -0.024813
0.265681 -0.029005 0.028307
-0.066684 0.086703 0.006474
0.014512 0.077843 0.049705
0.163640 0.007909 0.073954
0.097297 0.015226 0.016043
0.005782 -0.018593 -0.030610
0.128568 0.021011 -0.031363
0.014867 0.028285 0.017165
0.008584 0.025044 0.081805
-0.048777 0.056142 -0.044896
0.219679 0.001840 0.017995
0.041683 0.004430 0.008969
-0.018993 0.026807 0.006098
0.046029 0.044241 0.005309
0.016430 0.048992 -0.035553
0.123682 0.069606 0.037350
-0.048300 0.175594 -0.010942
0.115336 0.051709 -0.082221
0.015177 0.018127 0.038325
0.129213 -0.100084 0.063933
0.048020 0.045278 -0.021417
-0.004373 0.020992 -0.019636
-0.048279 0.113517 0.019098
0.017918 0.062566 0.017322
0.052312 0.093286 0.040607
0.111888 0.057716 0.001404
0.076663 0.060689 0.102745
0.028716 0.080159 0.065131
-0.142254 -0.019354 0.051820
0.032863 -0.027584 -0.008193
0.077446 0.052055 0.009192
0.037251 0.006538 -0.004738
-0.009825 0.060892 0.041022
-0.000402 0.392557 0.084630
0.049921 0.144677 -0.024913
-0.180169 0.046304 0.006252
0.097171 0.052945 0.022171
0.047542 0.026206 -0.016193
0.087746 0.124027 0.020292
0.039796 0.027083 -0.030430
0.015758 0.056321 0.075479
-0.014627 0.118057 -0.027921
-0.069020 0.099245 -0.022936
-0.007925 0.038887 -0.025936
0.065260 0.033211 -0.025964
0.057341 0.018043 -0.033003
0.040105 0.041341 0.011618
-0.042345 -0.002908 -0.069968
-0.011355 -0.025830 0.028061
0.241220 0.007239 0.004073
0.203060 -0.008263 -0.056008
0.131503 0.037972 0.009008
0.145480 0.093668 -0.023869
0.066805 -0.046246 -0.008765
0.156563 0.001315 0.013280
0.030194 -0.030013 0.012265
-0.033638 0.013521 -0.127097
0.252045 0.022096 0.023033
0.196117 0.023133 -0.061839
0.101871 0.009012 0.018368
0.053667 0.075738 0.086033
0.105873 0.003767 0.022307
0.016067 0.042007 -0.062060
0.730203 -0.139770 0.012253
0.108155 0.053581 -0.036881
-0.217506 0.016704 -0.004452
-0.024232 -0.145228 0.017858
0.004966 0.005093 -0.000257
-0.019964 -0.035369 -0.071609
-0.149577 0.073189 0.038405
-0.178767 0.410972 -0.021000
0.262718 -0.008875 0.019489
-0.009026 -0.003944 0.067999
0.041249 0.010895 -0.005306
0.188731 0.063275 -0.034749
0.009658 0.027069 0.041222
0.112110 0.027795 0.005728
0.010262 0.253979 0.106466
0.164728 0.044047 0.065837
0.149877 -0.041863 0.037999
0.099856 0.034532 -0.022859
0.090231 0.049113 0.004322
0.060467 0.096822 0.075053
0.082153 0.060178 0.068778
0.106691 0.096516 -0.019821
0.216618 -0.003119 0.025230
0.022350 0.091075 0.030118
0.399669 0.047891 0.010544
0.086117 0.056260 0.114846
0.074203 0.030050 -0.027158
-0.049765 0.007653 0.038003
0.021633 0.018965 -0.034779
0.144416 0.450275 0.089107
-0.128349 -0.169719 -0.180148
0.142961 0.018819 0.111069
-0.051937 0.002793 -0.092310
0.066912 0.193532 -0.001828
-1.115377 0.129243 0.003099
0.001854 0.066428 -0.021445
0.079615 0.026498 0.072920
0.020538 0.057957 -0.061511
0.436147 -0.413655 -0.062803
0.033687 0.052783 0.064275
0.081878 0.038835 0.071540
0.121630 0.058169 0.029957
-0.081359 -0.031150 0.046599
0.012116 0.063423 0.051970
0.060293 0.123113 0.056472
0.111747 0.035620 -0.022439
-0.033122 0.018873 0.041045
0.077092 -0.021230 -0.042559
0.239371 0.018184 0.006235
0.096989 0.020416 0.056743
-0.042128 0.031261 0.039362
0.551580 0.036405 -0.005478
-0.011213 0.035626 0.082000
0.085018 0.006088 0.034604
0.113066 0.107472 0.030131
0.112121 0.090496 0.037356
0.094212 0.037696 -0.018791
0.043675 0.032907 -0.013663
0.421857 -0.026319 -0.018494
-0.031656 0.040055 0.048855
0.182168 0.029012 -0.001914
-0.049279 -0.003032 0.032737
-0.104829 0.025011 -0.060271
-0.456603 -0.023157 -0.000422
0.048789 0.005613 0.030297
0.007275 0.262260 0.227114
-0.006772 0.047595 -0.048548
0.028436 0.097776 0.052971
0.043730 0.034888 -0.001334
0.079989 0.062218 -0.017884
0.301682 0.311275 0.257043
0.064216 -0.000866 0.040908
0.019498 0.013874 0.078553
0.197103 -0.070908 0.030042
0.095717 0.099248 0.068940
0.032927 0.079808 0.034826
-0.077574 0.046752 0.034776
0.112598 0.118425 0.032549
0.038522 0.174396 -0.026249
0.042793 0.095386 -0.025583
0.034599 0.027836 -0.028341
0.065257 0.013638 -0.027110
0.019969 0.085573 -0.045686
0.351388 0.106451 -0.004833
0.000711 0.024498 0.059946
-0.020871 -0.013718 0.015009
0.130907 0.150236 0.103388
-0.169060 0.025079 0.067868
0.078466 0.029446 -0.014179
0.036355 0.080023 -0.017987
-0.020105 0.094849 -0.036016
-0.051667 0.006615 0.001226
0.037894 -0.039355 0.040900
0.031311 0.089854 -0.062682
0.175269 -0.034777 -0.026605
0.100047 0.031787 0.097401
-0.211162 -0.012832 -0.081632
0.021568 0.253651 0.033713
0.000807 0.035996 0.022744
-0.155194 0.065666 0.004219
0.089825 0.048218 -0.029730
0.179558 -0.109230 0.007874
-0.126734 0.086920 0.050412
0.046286 0.037053 -0.036164
0.105309 -0.024999 0.046556
0.017499 -0.017673 0.071820
0.029050 0.028587 -0.005717
0.054676 -0.061316 0.062976
0.079603 0.088075 0.005501
0.215852 0.010848 0.021452
-0.044675 0.028719 0.044849
0.031169 -0.007233 -0.032172
0.026651 0.053361 0.013288
0.078063 -0.020756 -0.113647
-0.009653 0.017203 -0.008735
0.091000 -0.003352 0.042192
-0.020141 0.005445 -0.075235
0.155231 -0.009935 -0.044842
0.113991 0.003504 -0.032896
0.103960 -0.021175 0.020067
0.142382 0.031379 -0.115799
0.054526 0.039100 -0.008808
0.019367 0.110031 -0.069589
-0.004797 0.034854 -0.046969
-0.095832 0.028561 0.120047
0.093628 0.036505 0.078021
0.094639 0.056077 0.156467
0.040271 0.003412 0.049900
0.176676 0.064075 -0.059150
0.006716 0.062815 0.001460
0.028500 0.074699 -0.004786
0.133243 0.057709 -0.100769
-0.047069 0.046176 0.026957
0.108042 0.042200 -0.036488
0.459831 0.056269 -0.039842
0.030988 0.013061 0.032837
0.239426 0.053835 0.001469
-0.010237 -0.019364 0.030969
0.056419 -0.008663 -0.032545
0.014715 0.026155 -0.060839
-0.041006 -0.001745 0.046295
-0.014352 -0.031353 0.045746
0.211260 0.018590 0.081198
0.144928 0.327911 0.008325
-0.087231 -0.013824 -0.122408
0.038619 0.029921 -0.026836
-0.038774 0.026764 0.049545
0.099995 0.008703 0.002467
-0.037004 -0.044919 -0.000596
0.445573 0.089381 0.101354
-0.005379 0.076931 -0.241145
0.167880 -0.024136 -0.050838
0.104625 0.025654 0.019668
0.011953 -0.079781 0.019780
-0.033428 0.039177 -0.012270
0.001787 -0.021781 0.035234
0.027936 -0.038506 0.011503
0.136036 -0.007636 -0.008767
0.015960 -0.015455 -0.004915
0.076032 0.091019 -0.030668
0.028873 0.046094 0.036085
0.054345 -0.004887 0.062712
0.011348 -0.006603 -0.032463
0.367827 0.000842 0.070522
0.118802 -0.004835 -0.021527
0.143465 -0.008710 0.017158
0.055161 -0.021335 0.036720
0.051001 -0.006352 -0.089287
-0.049398 0.086000 -0.026805
-0.038812 0.026813 0.133697
-0.007559 0.118936 0.109610
0.040499 0.033921 -0.027168
0.203968 0.071674 0.025634
0.019445 0.054669 0.058624
0.096061 0.010558 0.039776
0.262815 -0.093121 -0.009836
0.030938 0.094962 0.031391
0.049494 0.129608 0.022550
-0.150871 0.041349 0.023401
0.111131 0.196307 0.102376
0.036274 0.038356 0.002283
0.181082 -0.011765 0.032460
0.121520 0.006344 -0.001782
0.189148 0.043014 0.022519
0.048337 0.020987 0.027507
0.092518 0.048585 0.064549
-0.001599 0.005773 0.087798
0.002964 0.006840 -0.057971
-0.581013 0.012612 0.051447
0.204025 0.017729 0.077160
-0.243331 -0.058631 -0.011732
-0.020354 -0.004341 0.098778
0.025983 0.015422 -0.001705
0.157493 -0.037971 -0.043911
-0.031888 -0.048640 -0.034228
0.017374 0.192492 0.010402
-0.013360 0.013670 0.051064
-0.085454 -0.004890 -0.030677
0.035897 0.026672 0.183416
1.012790 -0.005207 -0.071887
0.002535 1.009755 -0.083571
-0.001855 -0.001179 1.046723
