0.0153488769531
0.0204094238281
0.0290151367188
0.0362961425781
0.0401130371094
0.0411264648438
0.0411975097656
0.0400690917969
0.0378774414062
0.0360676269531
0.0340200195313
0.0322416992188
0.0307902832031
0.0284450683594
0.0261110839844
0.0244340820312
0.0226086425781
0.0212727050781
0.0198315429688
0.018544921875
0.0171555175781
0.0155009765625
0.0143645019531
0.0135112304687
0.0130817871094
0.0125537109375
0.0117873535156
0.0110041503906
0.0104157714844
0.0100844726562
0.00972412109375
0.00959252929687
0.009115234375
0.00849560546875
0.0078623046875
0.00740258789063
0.00698461914063
0.00652075195312
0.00631860351563
0.0060224609375
0.005818359375
0.005623046875
0.0053916015625
0.00519897460938
0.00496875
0.00470947265625
0.00447607421875
0.00433349609375
0.00423706054688
0.00395043945313
0.00386083984375
0.003662109375
0.00351879882813
0.00338598632812
0.00325390625
0.00313403320312
0.00303369140625
0.0029755859375
0.00280883789063
0.00275170898438
0.00277099609375
0.00268579101562
0.0026552734375
0.00256201171875
0.00249145507813
0.00239038085938
0.00240673828125
0.00227099609375
0.00223901367187
0.0021435546875
0.00208666992188
0.00201806640625
0.00195678710938
0.00184448242187
0.001775390625
0.00175146484375
0.00171020507812
0.00168359375
0.00164233398438
0.00164233398438
0.00156787109375
0.0015126953125
0.00149633789062
0.00149536132812
0.00141333007812
0.00140258789063
0.00132299804687
0.00129077148437
0.00120825195312
0.0012099609375
0.00115185546875
0.001126953125
0.00112768554687
0.00109619140625
0.001033203125
0.0010458984375
0.0010146484375
0.00101611328125
0.0010478515625
0.000989990234375
0.00092626953125
0.000874755859375
0.0008623046875
0.00090625
0.000892578125
0.000816162109375
0.00078662109375
0.0007607421875
0.000747314453125
0.000828857421875
0.00089697265625
0.0009091796875
0.0007509765625
0.00067333984375
0.00072216796875
0.000904541015625
0.00122900390625
0.00123291015625
0.00098681640625
0.00074951171875
0.000575927734375
0.000501708984375
0.00051953125
0.0004736328125
0.000477783203125
0.000479736328125
0.000556640625
0.0006142578125
0.0006572265625
0.00054541015625
0.0004580078125
0.00039306640625
0.00038232421875
0.000372802734375
0.000373291015625
0.000541259765625
0.000826904296875
0.00101953125
0.0007939453125
0.0003955078125
0.000293212890625
0.000271728515625
0.000257080078125
0.000235595703125
0.000234375
0.00023046875
0.000222412109375
0.00020361328125
0.000217041015625
0.0001982421875
0.000188720703125
0.000212890625
0.000189453125
0.000193359375
0.000224609375
0.000212890625
0.00019482421875
0.000208984375
0.00019873046875
0.0002001953125
0.00018359375
0.000205078125
0.000181640625
0.0001806640625
0.00018603515625
0.00019140625
0.0001787109375
0.00015869140625
0.00018115234375
0.00018310546875
0.0001640625
0.00016552734375
0.000197265625
0.0001953125
0.00016015625
0.000140625
0.00018505859375
0.00017626953125
0.00014990234375
0.00012109375
0.0001455078125
0.00017724609375
0.00016455078125
0.0001240234375
0.00010107421875
0.0001142578125
0.00014697265625
0.0001728515625
0.00015625
0.0001220703125
9.228515625e-05
0.00010400390625
0.0001337890625
0.00016943359375
0.0001611328125
0.0001279296875
9.375e-05
8.984375e-05
0.0001083984375
0.00012060546875
0.00014892578125
0.00018994140625
0.0001611328125
0.00013720703125
8.59375e-05
6.982421875e-05
7.32421875e-05
5.078125e-05
6.93359375e-05
6.787109375e-05
7.71484375e-05
7.03125e-05
9.033203125e-05
0.00014306640625
0.000185546875
0.000234375
0.000212890625
0.00012890625
7.275390625e-05
6.8359375e-05
5.2734375e-05
5.712890625e-05
5.126953125e-05
6.494140625e-05
5.615234375e-05
6.34765625e-05
7.2265625e-05
6.640625e-05
0.00012548828125
0.0001640625
0.000310546875
0.00037646484375
0.00038134765625
0.00021630859375
0.00011669921875
9.326171875e-05
6.4453125e-05
6.396484375e-05
5.2734375e-05
4.6875e-05
6.201171875e-05
0.00010546875
0.00011376953125
0.0001474609375
0.0003359375
0.00046044921875
0.000943359375
0.00104541015625
0.00084130859375
0.0003125
0.0001220703125
5.029296875e-05
0.0
0.0
0.0
0.0
