0.534113606099
1.04193590538
1.51986419434
1.97227252692
2.40505146472
2.82338584696
3.23137005682
3.63222874759
4.02842429094
4.42181341885
4.81368565923
5.20473350203
5.59528226288
5.98566777552
6.37640908592
6.7681590006
7.16165452036
7.55760083811
7.95637645492
8.35785218917
8.76173482039
9.16804482598
9.57711710933
9.98925129943
10.4044768555
10.8225879391
11.2432145755
11.6660854906
12.0915088515
12.520472766
12.9540496345
13.3928410015
13.836901439
14.2857371364
14.7387092205
15.1958362916
15.6577800902
16.1247756516
16.5961832366
17.0715174828
17.5511871081
18.0357618664
18.5252564759
19.01952399
19.5188274516
20.0240578123
20.5366951686
21.0576588793
21.5861583965
22.1208813872
22.66125995
23.2064176049
23.7546815786
24.3051926901
24.8586047986
25.4162549646
25.9794472445
26.5489988294
27.1250830176
27.7071707114
28.2938476083
28.8835625178
29.4762602106
30.0721008438
30.6693748045
31.2676413968
31.8696453923
32.4780013623
33.0939841827
33.7185880636
34.3517945455
34.9923141246
35.6392766227
36.2935909931
36.9564586161
37.6255174941
38.2982733206
38.9761417622
39.6593760805
40.346411132
41.0372142309
41.7328210306
42.4334884156
43.1387727507
43.8493343814
44.5666094939
45.2915153875
46.0239599466
46.7623929416
47.5037693738
48.2486220439
49.0025816799
49.7638525704
50.5292882644
51.3023299923
52.0826490781
52.8686872781
53.6609774827
54.4595875484
55.2643418526
56.0744228625
56.8874995357
57.7065253822
58.5346068987
59.3651464708
60.1932825016
61.0233658913
61.856345339
62.6920093801
63.5328146139
64.3795056198
65.2319666178
66.0846532281
66.9421341861
67.8069955844
68.675923578
69.5518025542
70.4334984554
71.3206126661
72.2143379155
73.1188501393
74.0342659798
74.953853664
75.8761754335
76.8015693957
77.7304939254
78.6609097264
79.5930479072
80.5339499158
81.4828975653
82.4322483093
83.3824242879
84.3407483629
85.3055994692
86.2791387967
87.263806716
88.2601710474
89.2631310426
90.2723932935
91.2898294444
92.3064572024
93.3286040046
94.3625930785
95.3993384605
96.4377156328
97.4735603826
98.5028445955
99.543958356
100.607024385
101.686140308
102.761187863
103.823879168
104.899888318
105.997913358
107.10779036
108.222164882
109.311899029
110.364235075
111.413305245
112.511394881
113.646331119
114.744151164
115.748317671
116.679836196
117.619932083
118.627898497
119.735318145
120.937868794
122.170361887
123.412500508
124.672740593
125.896764103
127.063277062
128.195270077
129.363911007
130.622013768
131.935840259
133.271736102
134.570003511
135.72257831
136.724012744
137.689028657
138.788899828
140.106826047
141.544015316
143.031860164
144.547156725
146.069439082
147.61138342
149.190492672
150.7666575
152.356840785
153.930843207
155.475609832
157.030815317
158.579410445
160.172093661
161.790521419
163.402716854
164.999117971
166.62640332
168.250251084
169.855357514
171.468352846
173.038567187
174.687659045
176.327735377
177.916064943
179.617623259
181.2850054
182.961218654
184.784179112
186.529481244
188.176714092
190.011691953
191.888421276
193.565470671
195.26518616
197.153981711
199.044507647
200.723680973
202.339932045
204.239969646
206.365031273
208.392436894
210.268815355
212.045289278
213.614407317
214.951108739
216.248023378
217.830355912
219.729726884
221.688539109
223.548399642
225.278588382
227.01436682
228.603631448
229.839102174
230.872775523
231.855671201
232.921867359
234.257088275
235.895474622
237.680527483
239.530915597
241.192649303
242.625749394
243.845285631
244.809031536
245.644489703
246.354029877
247.029775521
247.716092116
248.470415741
249.489617093
250.999332753
