0.0
0.22603220058331616
0.4520644011666323
0.6780966017499485
0.9041288023332646
1.0866916670943452
1.247086071182805
1.4074804752712646
1.5678748793597244
1.728269283448184
1.8886636875366436
2.0231737770543385
2.1364543439084898
2.249734910762641
2.363015477616792
2.4762960444709434
2.5895766113250946
2.7028571781792463
2.8161377450333975
2.9294183118875488
3.021907640235496
3.111936334640087
3.201965029044678
3.291993723449269
3.38202241785386
3.4720511122584514
3.5620798066630424
3.6521085010676337
3.7421371954722247
3.8321658898768156
3.9221669797339946
4.004419317453573
4.086671655173152
4.16892399289273
4.251176330612309
4.333428668331887
4.415681006051466
4.497933343771045
4.580185681490623
4.662438019210201
4.74469035692978
4.826942694649359
4.9090971669839645
4.990174592291185
5.071252017598404
5.152329442905625
5.233406868212844
5.3144842935200645
5.395561718827285
5.476639144134505
5.557716569441725
5.638793994748945
5.7198714200561644
5.800948845363385
5.882026270670605
5.964368873617079
6.0467238654656565
6.1290788573142345
6.2114338491628125
6.293788841011391
6.376143832859969
6.458498824708548
6.540853816557126
6.623208808405705
6.705563800254283
6.787918792102861
6.870626918951771
6.957140979640867
7.043655040329964
7.130169101019059
7.216683161708157
7.303197222397253
7.38971128308635
7.476225343775446
7.562739404464543
7.64925346515364
7.735767525842736
7.822281586531832
7.914100953111472
8.00767134386105
8.10124173461063
8.194812125360208
8.288382516109788
8.381952906859366
8.475523297608946
8.569093688358524
8.662664079108104
8.756234469857683
8.851575876648685
8.951623010407916
9.051670144167149
9.151717277926378
9.25176441168561
9.351811545444841
9.451858679204074
9.551905812963303
9.651952946722535
9.752000080481766
9.856089277774188
9.964675248337008
10.073261218899827
10.181847189462646
10.290433160025465
10.399019130588284
10.507605101151103
10.616191071713923
10.724777042276742
10.836910923248011
10.953488579468166
11.070066235688321
11.186643891908478
11.303221548128633
11.419799204348788
11.536376860568943
11.6529545167891
11.76979205623535
11.894123804049945
12.018455551864543
12.14278729967914
12.267119047493738
12.391450795308334
12.515782543122931
12.640114290937529
12.766287920935167
12.903097917876018
13.039907914816869
13.176717911757724
13.313527908698575
13.450337905639426
13.587147902580277
13.723957899521128
13.875194326703669
14.026710735825143
14.17822714494661
14.329743554068079
14.481259963189547
14.632776372311016
14.790702531598695
14.954789003862116
15.118875476125536
15.28296194838896
15.447048420652381
15.611134892915802
15.782545342611552
15.960331620131681
16.13811789765181
16.31590417517194
16.493690452692068
16.671735245189538
16.862623197383893
17.05351114957825
17.244399101772604
17.43528705396696
17.626175006161315
17.829423521510652
18.034303919517352
18.23918431752406
18.44406471553076
18.650403841378147
18.8701984953767
19.089993149375257
19.309787803373812
19.529582457372367
19.761859008533943
20.00124946891948
20.240639929305004
20.480030389690533
20.733743450536863
20.999594558029152
21.26544566552144
21.53129677301373
21.81566978785379
22.1032285741495
22.390787360445206
22.68782826832216
22.996761801457126
23.30569533459209
23.617657210621683
23.937811292745668
24.257965374869652
24.580972656366924
24.91488357132939
25.248794486291857
25.588121233977603
25.942010580110637
26.29589992624367
26.6625200506316
27.04184387945983
27.42116770828807
27.820313763638552
28.221283439308397
28.627451974275463
29.0394711142881
29.453222312419474
29.884308615553863
30.315394918688256
30.75218541414868
31.190258503414796
31.64132017051838
32.101853728919906
32.576641771263596
33.06890118805386
33.57741329985409
34.10519545829387
34.649764702336114
35.205533991654434
35.78838452372842
36.38336085779485
37.01184679510901
37.656431033305296
38.314874663202005
39.001246021554174
39.70324253877798
40.41849130736454
41.14770261159237
41.904942668472614
42.684830156435794
43.49283206319748
44.3365322998323
45.22407349993985
46.155203022591934
47.122789332762366
48.127272470810205
49.20055988347607
51.29856205096258
52.47514051993391
53.70031924954348
54.992705761208384
56.361902519092155
57.78632865676715
59.319593627369976
60.88147137576282
62.50861208641616
64.22167978989718
66.02758759101684
67.93640190921047
69.97704804749687
72.16452060396536
74.59968351194362
77.24170470564671
80.05566896178657
83.12514478834781
86.47982441655026
90.23630153446727
94.33367540301032
98.69683466888057
104.62750308263718
110.15471463568602
115.48774007035749
118.85613617772869
127.63296959775282
136.26595220123502
148.36516454007742
180.90562016386764
230.59193232862154
250.99999999999352
