0.272378896608
0.795840458704
1.28801651201
1.75169086844
2.19282751847
2.61724334195
3.02949097762
3.43320644602
3.83120296672
4.22559203031
4.61797559825
5.00933079235
5.40006552544
5.79042252888
6.18083069279
6.57189916292
6.96432435567
7.35888380792
7.75621038158
8.15642832915
8.55915515125
8.96418689041
9.37176832593
9.78232442496
10.1960295398
10.6127683299
11.032244542
11.4540145356
11.8779792808
12.3048538033
12.7358990756
13.1719990031
13.6134729901
14.0601110352
14.5111357693
14.966046719
15.4253810667
15.8899250075
16.3593629469
16.8327312702
17.3100224385
17.7920610483
18.2791622
18.7710405073
19.2676873674
19.7696371105
20.2781368065
20.7948994161
21.3200516102
21.8518866092
22.3894862603
22.9326326462
23.4797915154
24.0291517036
24.5808048231
25.1359660808
25.6960941652
26.2623386686
26.8351848651
27.4144946134
27.999348545
28.5878381955
29.1787690543
29.773223796
30.3704412887
30.9677643335
31.5669657003
32.1717604682
32.7836641036
33.4037114987
34.0328564882
34.6701098599
35.3138824124
35.9640216701
36.6224961352
37.2897419586
37.9606025421
38.6352424156
39.3163262601
40.0016991911
40.6903856214
41.3832937995
42.0815867287
42.7846165623
43.4921435707
44.2057266052
44.9266791711
45.6555232314
46.3915540096
47.1323777784
47.8742986165
48.6220695084
49.3821999014
50.1445994083
50.9130578627
51.6906662041
52.4736823326
53.2627291063
54.0582487532
54.8599356266
55.667743937
56.480086954
57.293887585
58.1181221933
58.9500363224
59.7791990662
60.6063048043
61.4393567014
62.2722566473
63.1106746953
63.9538558481
64.8040432923
65.6587704436
66.5094123537
67.3737175309
68.2391248921
69.111562547
69.9908697632
70.874944137
71.7650872136
72.6623799966
73.5740916415
74.4931983095
75.4132603916
76.3378345624
77.2640411528
78.1956761775
79.1248700444
80.0599432906
81.0066568233
81.9578305451
82.9053603502
83.8581724342
84.8219971231
85.7878643814
86.7690610291
87.7571821328
88.7617771938
89.7630968422
90.7802876765
91.7979674738
92.8135452945
93.8422436941
94.881517086
95.9157381365
96.9582677056
97.9874466329
99.0168402581
100.069650214
101.142950909
102.227876303
103.293070345
104.35327335
105.445066813
106.549307865
107.664815579
108.778085065
109.844345347
110.882804992
111.942464065
113.078923696
114.212353833
115.274671178
116.220813963
117.137760989
118.100963912
119.15360342
120.315692742
121.558642661
122.780655829
124.042917276
125.301151563
126.49100227
127.634244121
128.754977086
129.971431426
131.271056341
132.599002632
133.94278491
135.195623448
136.248159307
137.198595928
138.178116035
139.397926712
140.813639018
142.272297837
143.789310654
145.302847891
146.83379094
148.386770598
149.992045804
151.539154566
153.172570805
154.687296816
156.26219614
157.79777928
159.359564645
160.983372318
162.596525388
164.207792495
165.7894237
167.462392448
169.037140318
170.672646753
172.263209036
173.813160738
175.561393668
177.093297352
178.737995712
180.496461204
182.072871846
183.848864571
185.718831225
187.339606477
189.013355708
191.009564319
192.766846
194.363675044
196.166193342
198.141234595
199.947279236
201.499598436
203.179765659
205.299463251
207.429275069
209.354040477
211.182280174
212.907296689
214.320884084
215.580881827
216.914821896
218.745615357
220.713622648
222.663276332
224.433357362
226.123684582
227.90497076
229.302248432
230.375925256
231.369603406
232.341720935
233.501996978
235.012164098
236.778772067
238.582270922
240.479550976
241.905741621
243.345753057
244.344815435
245.273245653
246.015732363
246.692326374
247.367223876
248.064959744
248.875871259
250.103362602
